2.500 0.000 1.000
2.500 0.001 0.945
2.500 0.002 0.926
2.500 0.003 0.912
2.500 0.004 0.901
2.500 0.005 0.891
2.500 0.006 0.883
2.500 0.007 0.875
2.500 0.008 0.868
2.500 0.009 0.861
2.500 0.010 0.855
2.500 0.011 0.850
2.500 0.012 0.844
2.500 0.013 0.839
2.500 0.014 0.834
2.500 0.015 0.830
2.500 0.016 0.826
2.500 0.017 0.821
2.500 0.018 0.817
2.500 0.019 0.813
2.500 0.020 0.810
2.500 0.021 0.806
2.500 0.022 0.803
2.500 0.023 0.799
2.500 0.024 0.796
2.500 0.025 0.793
2.500 0.026 0.790
2.500 0.027 0.787
2.500 0.028 0.784
2.500 0.029 0.781
2.500 0.030 0.778
2.500 0.031 0.775
2.500 0.032 0.773
2.500 0.033 0.770
2.500 0.034 0.768
2.500 0.035 0.765
2.500 0.036 0.763
2.500 0.037 0.760
2.500 0.038 0.758
2.500 0.039 0.756
2.500 0.040 0.753
2.500 0.041 0.751
2.500 0.042 0.749
2.500 0.043 0.747
2.500 0.044 0.745
2.500 0.045 0.743
2.500 0.046 0.741
2.500 0.047 0.739
2.500 0.048 0.737
2.500 0.049 0.735
2.500 0.050 0.733
2.500 0.051 0.731
2.500 0.052 0.729
2.500 0.053 0.727
2.500 0.054 0.726
2.500 0.055 0.724
2.500 0.056 0.722
2.500 0.057 0.720
2.500 0.058 0.719
2.500 0.059 0.717
2.500 0.060 0.715
2.500 0.061 0.714
2.500 0.062 0.712
2.500 0.063 0.711
2.500 0.064 0.709
2.500 0.065 0.707
2.500 0.066 0.706
2.500 0.067 0.704
2.500 0.068 0.703
2.500 0.069 0.701
2.500 0.070 0.700
2.500 0.071 0.698
2.500 0.072 0.697
2.500 0.073 0.695
2.500 0.074 0.694
2.500 0.075 0.693
2.500 0.076 0.691
2.500 0.077 0.690
2.500 0.078 0.688
2.500 0.079 0.687
2.500 0.080 0.686
2.500 0.081 0.685
2.500 0.082 0.683
2.500 0.083 0.682
2.500 0.084 0.681
2.500 0.085 0.680
2.500 0.086 0.678
2.500 0.087 0.677
2.500 0.088 0.676
2.500 0.089 0.675
2.500 0.090 0.673
2.500 0.091 0.672
2.500 0.092 0.671
2.500 0.093 0.670
2.500 0.094 0.669
2.500 0.095 0.667
2.500 0.096 0.666
2.500 0.097 0.665
2.500 0.098 0.664
2.500 0.099 0.663
2.500 0.100 0.662
2.500 0.101 0.661
2.500 0.102 0.660
2.500 0.103 0.659
2.500 0.104 0.658
2.500 0.105 0.656
2.500 0.106 0.655
2.500 0.107 0.654
2.500 0.108 0.654
2.500 0.109 0.652
2.500 0.110 0.651
2.500 0.111 0.650
2.500 0.112 0.649
2.500 0.113 0.648
2.500 0.114 0.647
2.500 0.115 0.647
2.500 0.116 0.645
2.500 0.117 0.644
2.500 0.118 0.643
2.500 0.119 0.642
2.500 0.120 0.642
2.500 0.121 0.640
2.500 0.122 0.640
2.500 0.123 0.639
2.500 0.124 0.638
2.500 0.125 0.637
2.500 0.126 0.636
2.500 0.127 0.635
2.500 0.128 0.634
2.500 0.129 0.633
2.500 0.130 0.632
2.500 0.131 0.631
2.500 0.132 0.631
2.500 0.133 0.630
2.500 0.134 0.629
2.500 0.135 0.628
2.500 0.136 0.627
2.500 0.137 0.626
2.500 0.138 0.625
2.500 0.139 0.625
2.500 0.140 0.624
2.500 0.141 0.623
2.500 0.142 0.622
2.500 0.143 0.621
2.500 0.144 0.620
2.500 0.145 0.620
2.500 0.146 0.619
2.500 0.147 0.618
2.500 0.148 0.617
2.500 0.149 0.616
2.500 0.150 0.616
2.500 0.151 0.615
2.500 0.152 0.614
2.500 0.153 0.613
2.500 0.154 0.612
2.500 0.155 0.612
2.500 0.156 0.611
2.500 0.157 0.610
2.500 0.158 0.609
2.500 0.159 0.609
2.500 0.160 0.608
2.500 0.161 0.607
2.500 0.162 0.606
2.500 0.163 0.606
2.500 0.164 0.605
2.500 0.165 0.604
2.500 0.166 0.604
2.500 0.167 0.603
2.500 0.168 0.602
2.500 0.169 0.601
2.500 0.170 0.601
2.500 0.171 0.600
2.500 0.172 0.599
2.500 0.173 0.598
2.500 0.174 0.598
2.500 0.175 0.597
2.500 0.176 0.596
2.500 0.177 0.596
2.500 0.178 0.595
2.500 0.179 0.594
2.500 0.180 0.594
2.500 0.181 0.593
2.500 0.182 0.592
2.500 0.183 0.592
2.500 0.184 0.591
2.500 0.185 0.590
2.500 0.186 0.589
2.500 0.187 0.589
2.500 0.188 0.588
2.500 0.189 0.588
2.500 0.190 0.587
2.500 0.191 0.586
2.500 0.192 0.586
2.500 0.193 0.585
2.500 0.194 0.584
2.500 0.195 0.584
2.500 0.196 0.583
2.500 0.197 0.582
2.500 0.198 0.582
2.500 0.199 0.581
2.500 0.200 0.581
2.500 0.201 0.580
2.500 0.202 0.579
2.500 0.203 0.579
2.500 0.204 0.578
2.500 0.205 0.577
2.500 0.206 0.577
2.500 0.207 0.576
2.500 0.208 0.576
2.500 0.209 0.575
2.500 0.210 0.574
2.500 0.211 0.574
2.500 0.212 0.573
2.500 0.213 0.573
2.500 0.214 0.572
2.500 0.215 0.571
2.500 0.216 0.571
2.500 0.217 0.570
2.500 0.218 0.570
2.500 0.219 0.569
2.500 0.220 0.569
2.500 0.221 0.568
2.500 0.222 0.568
2.500 0.223 0.567
2.500 0.224 0.566
2.500 0.225 0.566
2.500 0.226 0.565
2.500 0.227 0.565
2.500 0.228 0.564
2.500 0.229 0.564
2.500 0.230 0.563
2.500 0.231 0.562
2.500 0.232 0.562
2.500 0.233 0.561
2.500 0.234 0.561
2.500 0.235 0.560
2.500 0.236 0.560
2.500 0.237 0.559
2.500 0.238 0.559
2.500 0.239 0.558
2.500 0.240 0.558
2.500 0.241 0.557
2.500 0.242 0.556
2.500 0.243 0.556
2.500 0.244 0.555
2.500 0.245 0.555
2.500 0.246 0.554
2.500 0.247 0.554
2.500 0.248 0.553
2.500 0.249 0.553
2.500 0.250 0.552
2.500 0.251 0.552
2.500 0.252 0.551
2.500 0.253 0.550
2.500 0.254 0.550
2.500 0.255 0.550
2.500 0.256 0.549
2.500 0.257 0.549
2.500 0.258 0.548
2.500 0.259 0.548
2.500 0.260 0.547
2.500 0.261 0.546
2.500 0.262 0.546
2.500 0.263 0.546
2.500 0.264 0.545
2.500 0.265 0.545
2.500 0.266 0.544
2.500 0.267 0.544
2.500 0.268 0.543
2.500 0.269 0.542
2.500 0.270 0.542
2.500 0.271 0.542
2.500 0.272 0.541
2.500 0.273 0.541
2.500 0.274 0.540
2.500 0.275 0.540
2.500 0.276 0.539
2.500 0.277 0.539
2.500 0.278 0.538
2.500 0.279 0.538
2.500 0.280 0.538
2.500 0.281 0.537
2.500 0.282 0.536
2.500 0.283 0.536
2.500 0.284 0.535
2.500 0.285 0.535
2.500 0.286 0.535
2.500 0.287 0.534
2.500 0.288 0.533
2.500 0.289 0.533
2.500 0.290 0.533
2.500 0.291 0.532
2.500 0.292 0.532
2.500 0.293 0.531
2.500 0.294 0.531
2.500 0.295 0.530
2.500 0.296 0.530
2.500 0.297 0.530
2.500 0.298 0.529
2.500 0.299 0.528
2.500 0.300 0.528
2.500 0.301 0.528
2.500 0.302 0.527
2.500 0.303 0.527
2.500 0.304 0.526
2.500 0.305 0.526
2.500 0.306 0.526
2.500 0.307 0.525
2.500 0.308 0.524
2.500 0.309 0.524
2.500 0.310 0.524
2.500 0.311 0.523
2.500 0.312 0.523
2.500 0.313 0.522
2.500 0.314 0.522
2.500 0.315 0.522
2.500 0.316 0.521
2.500 0.317 0.521
2.500 0.318 0.520
2.500 0.319 0.520
2.500 0.320 0.519
2.500 0.321 0.519
2.500 0.322 0.519
2.500 0.323 0.518
2.500 0.324 0.518
2.500 0.325 0.517
2.500 0.326 0.517
2.500 0.327 0.516
2.500 0.328 0.516
2.500 0.329 0.516
2.500 0.330 0.515
2.500 0.331 0.515
2.500 0.332 0.514
2.500 0.333 0.514
2.500 0.334 0.514
2.500 0.335 0.513
2.500 0.336 0.513
2.500 0.337 0.512
2.500 0.338 0.512
2.500 0.339 0.512
2.500 0.340 0.511
2.500 0.341 0.511
2.500 0.342 0.510
2.500 0.343 0.510
2.500 0.344 0.510
2.500 0.345 0.509
2.500 0.346 0.509
2.500 0.347 0.508
2.500 0.348 0.508
2.500 0.349 0.507
2.500 0.350 0.507
2.500 0.351 0.507
2.500 0.352 0.506
2.500 0.353 0.506
2.500 0.354 0.505
2.500 0.355 0.505
2.500 0.356 0.505
2.500 0.357 0.504
2.500 0.358 0.504
2.500 0.359 0.504
2.500 0.360 0.503
2.500 0.361 0.503
2.500 0.362 0.502
2.500 0.363 0.502
2.500 0.364 0.502
2.500 0.365 0.501
2.500 0.366 0.501
2.500 0.367 0.501
2.500 0.368 0.500
2.500 0.369 0.500
2.500 0.370 0.499
2.500 0.371 0.499
2.500 0.372 0.499
2.500 0.373 0.498
2.500 0.374 0.498
2.500 0.375 0.498
2.500 0.376 0.497
2.500 0.377 0.497
2.500 0.378 0.496
2.500 0.379 0.496
2.500 0.380 0.495
2.500 0.381 0.495
2.500 0.382 0.495
2.500 0.383 0.495
2.500 0.384 0.494
2.500 0.385 0.494
2.500 0.386 0.493
2.500 0.387 0.493
2.500 0.388 0.493
2.500 0.389 0.492
2.500 0.390 0.492
2.500 0.391 0.491
2.500 0.392 0.491
2.500 0.393 0.491
2.500 0.394 0.491
2.500 0.395 0.490
2.500 0.396 0.490
2.500 0.397 0.490
2.500 0.398 0.489
2.500 0.399 0.489
2.500 0.400 0.488
2.500 0.401 0.488
2.500 0.402 0.487
2.500 0.403 0.487
2.500 0.404 0.487
2.500 0.405 0.486
2.500 0.406 0.486
2.500 0.407 0.486
2.500 0.408 0.486
2.500 0.409 0.485
2.500 0.410 0.485
2.500 0.411 0.485
2.500 0.412 0.484
2.500 0.413 0.484
2.500 0.414 0.483
2.500 0.415 0.483
2.500 0.416 0.483
2.500 0.417 0.482
2.500 0.418 0.482
2.500 0.419 0.481
2.500 0.420 0.481
2.500 0.421 0.481
2.500 0.422 0.480
2.500 0.423 0.480
2.500 0.424 0.480
2.500 0.425 0.480
2.500 0.426 0.479
2.500 0.427 0.479
2.500 0.428 0.479
2.500 0.429 0.478
2.500 0.430 0.478
2.500 0.431 0.478
2.500 0.432 0.477
2.500 0.433 0.477
2.500 0.434 0.477
2.500 0.435 0.476
2.500 0.436 0.476
2.500 0.437 0.476
2.500 0.438 0.475
2.500 0.439 0.475
2.500 0.440 0.475
2.500 0.441 0.474
2.500 0.442 0.474
2.500 0.443 0.474
2.500 0.444 0.473
2.500 0.445 0.473
2.500 0.446 0.473
2.500 0.447 0.472
2.500 0.448 0.472
2.500 0.449 0.471
2.500 0.450 0.471
2.500 0.451 0.471
2.500 0.452 0.470
2.500 0.453 0.470
2.500 0.454 0.470
2.500 0.455 0.469
2.500 0.456 0.469
2.500 0.457 0.469
2.500 0.458 0.468
2.500 0.459 0.468
2.500 0.460 0.468
2.500 0.461 0.468
2.500 0.462 0.467
2.500 0.463 0.467
2.500 0.464 0.467
2.500 0.465 0.466
2.500 0.466 0.466
2.500 0.467 0.466
2.500 0.468 0.465
2.500 0.469 0.465
2.500 0.470 0.465
2.500 0.471 0.464
2.500 0.472 0.464
2.500 0.473 0.464
2.500 0.474 0.463
2.500 0.475 0.463
2.500 0.476 0.463
2.500 0.477 0.463
2.500 0.478 0.462
2.500 0.479 0.462
2.500 0.480 0.462
2.500 0.481 0.461
2.500 0.482 0.461
2.500 0.483 0.461
2.500 0.484 0.461
2.500 0.485 0.460
2.500 0.486 0.460
2.500 0.487 0.460
2.500 0.488 0.459
2.500 0.489 0.459
2.500 0.490 0.459
2.500 0.491 0.458
2.500 0.492 0.458
2.500 0.493 0.458
2.500 0.494 0.457
2.500 0.495 0.457
2.500 0.496 0.457
2.500 0.497 0.456
2.500 0.498 0.456
2.500 0.499 0.455
2.500 0.500 0.455
2.500 0.501 0.455
2.500 0.502 0.455
2.500 0.503 0.454
2.500 0.504 0.454
2.500 0.505 0.454
2.500 0.506 0.454
2.500 0.507 0.453
2.500 0.508 0.453
2.500 0.509 0.453
2.500 0.510 0.453
2.500 0.511 0.452
2.500 0.512 0.452
2.500 0.513 0.452
2.500 0.514 0.451
2.500 0.515 0.451
2.500 0.516 0.451
2.500 0.517 0.450
2.500 0.518 0.450
2.500 0.519 0.449
2.500 0.520 0.449
2.500 0.521 0.449
2.500 0.522 0.449
2.500 0.523 0.449
2.500 0.524 0.448
2.500 0.525 0.448
2.500 0.526 0.448
2.500 0.527 0.448
2.500 0.528 0.447
2.500 0.529 0.447
2.500 0.530 0.447
2.500 0.531 0.446
2.500 0.532 0.446
2.500 0.533 0.445
2.500 0.534 0.445
2.500 0.535 0.445
2.500 0.536 0.445
2.500 0.537 0.444
2.500 0.538 0.444
2.500 0.539 0.444
2.500 0.540 0.444
2.500 0.541 0.444
2.500 0.542 0.443
2.500 0.543 0.443
2.500 0.544 0.442
2.500 0.545 0.442
2.500 0.546 0.442
2.500 0.547 0.441
2.500 0.548 0.441
2.500 0.549 0.441
2.500 0.550 0.441
2.500 0.551 0.441
2.500 0.552 0.440
2.500 0.553 0.440
2.500 0.554 0.440
2.500 0.555 0.439
2.500 0.556 0.439
2.500 0.557 0.439
2.500 0.558 0.438
2.500 0.559 0.438
2.500 0.560 0.438
2.500 0.561 0.438
2.500 0.562 0.437
2.500 0.563 0.437
2.500 0.564 0.437
2.500 0.565 0.437
2.500 0.566 0.436
2.500 0.567 0.436
2.500 0.568 0.435
2.500 0.569 0.435
2.500 0.570 0.435
2.500 0.571 0.435
2.500 0.572 0.435
2.500 0.573 0.435
2.500 0.574 0.434
2.500 0.575 0.434
2.500 0.576 0.433
2.500 0.577 0.433
2.500 0.578 0.433
2.500 0.579 0.432
2.500 0.580 0.432
2.500 0.581 0.432
2.500 0.582 0.432
2.500 0.583 0.432
2.500 0.584 0.431
2.500 0.585 0.431
2.500 0.586 0.430
2.500 0.587 0.430
2.500 0.588 0.430
2.500 0.589 0.430
2.500 0.590 0.430
2.500 0.591 0.429
2.500 0.592 0.429
2.500 0.593 0.429
2.500 0.594 0.428
2.500 0.595 0.428
2.500 0.596 0.428
2.500 0.597 0.428
2.500 0.598 0.428
2.500 0.599 0.427
2.500 0.600 0.427
2.500 0.601 0.426
2.500 0.602 0.426
2.500 0.603 0.426
2.500 0.604 0.426
2.500 0.605 0.426
2.500 0.606 0.425
2.500 0.607 0.425
2.500 0.608 0.425
2.500 0.609 0.424
2.500 0.610 0.424
2.500 0.611 0.424
2.500 0.612 0.424
2.500 0.613 0.424
2.500 0.614 0.423
2.500 0.615 0.423
2.500 0.616 0.422
2.500 0.617 0.422
2.500 0.618 0.422
2.500 0.619 0.422
2.500 0.620 0.422
2.500 0.621 0.421
2.500 0.622 0.421
2.500 0.623 0.420
2.500 0.624 0.420
2.500 0.625 0.420
2.500 0.626 0.420
2.500 0.627 0.420
2.500 0.628 0.419
2.500 0.629 0.419
2.500 0.630 0.419
2.500 0.631 0.418
2.500 0.632 0.418
2.500 0.633 0.418
2.500 0.634 0.418
2.500 0.635 0.417
2.500 0.636 0.417
2.500 0.637 0.417
2.500 0.638 0.417
2.500 0.639 0.417
2.500 0.640 0.416
2.500 0.641 0.416
2.500 0.642 0.415
2.500 0.643 0.415
2.500 0.644 0.415
2.500 0.645 0.415
2.500 0.646 0.415
2.500 0.647 0.414
2.500 0.648 0.414
2.500 0.649 0.414
2.500 0.650 0.414
2.500 0.651 0.413
2.500 0.652 0.413
2.500 0.653 0.413
2.500 0.654 0.412
2.500 0.655 0.412
2.500 0.656 0.412
2.500 0.657 0.412
2.500 0.658 0.412
2.500 0.659 0.411
2.500 0.660 0.411
2.500 0.661 0.411
2.500 0.662 0.411
2.500 0.663 0.410
2.500 0.664 0.410
2.500 0.665 0.409
2.500 0.666 0.409
2.500 0.667 0.409
2.500 0.668 0.409
2.500 0.669 0.409
2.500 0.670 0.408
2.500 0.671 0.408
2.500 0.672 0.408
2.500 0.673 0.408
2.500 0.674 0.408
2.500 0.675 0.407
2.500 0.676 0.407
2.500 0.677 0.407
2.500 0.678 0.406
2.500 0.679 0.406
2.500 0.680 0.406
2.500 0.681 0.405
2.500 0.682 0.405
2.500 0.683 0.405
2.500 0.684 0.405
2.500 0.685 0.405
2.500 0.686 0.404
2.500 0.687 0.404
2.500 0.688 0.404
2.500 0.689 0.404
2.500 0.690 0.403
2.500 0.691 0.403
2.500 0.692 0.403
2.500 0.693 0.403
2.500 0.694 0.403
2.500 0.695 0.402
2.500 0.696 0.402
2.500 0.697 0.402
2.500 0.698 0.401
2.500 0.699 0.401
2.500 0.700 0.401
2.500 0.701 0.400
2.500 0.702 0.400
2.500 0.703 0.400
2.500 0.704 0.400
2.500 0.705 0.399
2.500 0.706 0.399
2.500 0.707 0.399
2.500 0.708 0.399
2.500 0.709 0.399
2.500 0.710 0.398
2.500 0.711 0.398
2.500 0.712 0.398
2.500 0.713 0.398
2.500 0.714 0.397
2.500 0.715 0.397
2.500 0.716 0.397
2.500 0.717 0.397
2.500 0.718 0.396
2.500 0.719 0.396
2.500 0.720 0.396
2.500 0.721 0.396
2.500 0.722 0.395
2.500 0.723 0.395
2.500 0.724 0.395
2.500 0.725 0.395
2.500 0.726 0.395
2.500 0.727 0.394
2.500 0.728 0.394
2.500 0.729 0.394
2.500 0.730 0.394
2.500 0.731 0.393
2.500 0.732 0.393
2.500 0.733 0.393
2.500 0.734 0.393
2.500 0.735 0.392
2.500 0.736 0.392
2.500 0.737 0.392
2.500 0.738 0.392
2.500 0.739 0.391
2.500 0.740 0.391
2.500 0.741 0.391
2.500 0.742 0.391
2.500 0.743 0.390
2.500 0.744 0.390
2.500 0.745 0.390
2.500 0.746 0.390
2.500 0.747 0.389
2.500 0.748 0.389
2.500 0.749 0.389
2.500 0.750 0.389
2.500 0.751 0.388
2.500 0.752 0.388
2.500 0.753 0.388
2.500 0.754 0.388
2.500 0.755 0.387
2.500 0.756 0.387
2.500 0.757 0.387
2.500 0.758 0.387
2.500 0.759 0.386
2.500 0.760 0.386
2.500 0.761 0.386
2.500 0.762 0.386
2.500 0.763 0.385
2.500 0.764 0.385
2.500 0.765 0.385
2.500 0.766 0.385
2.500 0.767 0.384
2.500 0.768 0.384
2.500 0.769 0.384
2.500 0.770 0.384
2.500 0.771 0.383
2.500 0.772 0.383
2.500 0.773 0.383
2.500 0.774 0.382
2.500 0.775 0.382
2.500 0.776 0.382
2.500 0.777 0.382
2.500 0.778 0.381
2.500 0.779 0.381
2.500 0.780 0.381
2.500 0.781 0.381
2.500 0.782 0.381
2.500 0.783 0.381
2.500 0.784 0.380
2.500 0.785 0.380
2.500 0.786 0.380
2.500 0.787 0.380
2.500 0.788 0.379
2.500 0.789 0.379
2.500 0.790 0.379
2.500 0.791 0.379
2.500 0.792 0.378
2.500 0.793 0.378
2.500 0.794 0.378
2.500 0.795 0.377
2.500 0.796 0.377
2.500 0.797 0.377
2.500 0.798 0.377
2.500 0.799 0.376
2.500 0.800 0.376
2.500 0.801 0.376
2.500 0.802 0.376
2.500 0.803 0.376
2.500 0.804 0.376
2.500 0.805 0.375
2.500 0.806 0.375
2.500 0.807 0.375
2.500 0.808 0.374
2.500 0.809 0.374
2.500 0.810 0.374
2.500 0.811 0.374
2.500 0.812 0.373
2.500 0.813 0.373
2.500 0.814 0.373
2.500 0.815 0.373
2.500 0.816 0.373
2.500 0.817 0.372
2.500 0.818 0.372
2.500 0.819 0.372
2.500 0.820 0.372
2.500 0.821 0.371
2.500 0.822 0.371
2.500 0.823 0.371
2.500 0.824 0.370
2.500 0.825 0.370
2.500 0.826 0.370
2.500 0.827 0.370
2.500 0.828 0.370
2.500 0.829 0.370
2.500 0.830 0.369
2.500 0.831 0.369
2.500 0.832 0.369
2.500 0.833 0.368
2.500 0.834 0.368
2.500 0.835 0.368
2.500 0.836 0.368
2.500 0.837 0.367
2.500 0.838 0.368
2.500 0.839 0.367
2.500 0.840 0.367
2.500 0.841 0.367
2.500 0.842 0.366
2.500 0.843 0.366
2.500 0.844 0.366
2.500 0.845 0.365
2.500 0.846 0.365
2.500 0.847 0.365
2.500 0.848 0.365
2.500 0.849 0.365
2.500 0.850 0.364
2.500 0.851 0.364
2.500 0.852 0.364
2.500 0.853 0.364
2.500 0.854 0.363
2.500 0.855 0.364
2.500 0.856 0.363
2.500 0.857 0.363
2.500 0.858 0.363
2.500 0.859 0.362
2.500 0.860 0.362
2.500 0.861 0.362
2.500 0.862 0.361
2.500 0.863 0.362
2.500 0.864 0.361
2.500 0.865 0.361
2.500 0.866 0.361
2.500 0.867 0.360
2.500 0.868 0.360
2.500 0.869 0.360
2.500 0.870 0.359
2.500 0.871 0.360
2.500 0.872 0.359
2.500 0.873 0.359
2.500 0.874 0.359
2.500 0.875 0.358
2.500 0.876 0.358
2.500 0.877 0.358
2.500 0.878 0.358
2.500 0.879 0.358
2.500 0.880 0.357
2.500 0.881 0.357
2.500 0.882 0.357
2.500 0.883 0.356
2.500 0.884 0.357
2.500 0.885 0.356
2.500 0.886 0.356
2.500 0.887 0.356
2.500 0.888 0.355
2.500 0.889 0.355
2.500 0.890 0.355
2.500 0.891 0.355
2.500 0.892 0.355
2.500 0.893 0.354
2.500 0.894 0.354
2.500 0.895 0.354
2.500 0.896 0.354
2.500 0.897 0.353
2.500 0.898 0.353
2.500 0.899 0.353
2.500 0.900 0.352
3.000 0.000 1.000
3.000 0.001 0.818
3.000 0.002 0.796
3.000 0.003 0.782
3.000 0.004 0.771
3.000 0.005 0.762
3.000 0.006 0.754
3.000 0.007 0.747
3.000 0.008 0.740
3.000 0.009 0.735
3.000 0.010 0.729
3.000 0.011 0.724
3.000 0.012 0.720
3.000 0.013 0.716
3.000 0.014 0.712
3.000 0.015 0.708
3.000 0.016 0.704
3.000 0.017 0.701
3.000 0.018 0.697
3.000 0.019 0.694
3.000 0.020 0.691
3.000 0.021 0.688
3.000 0.022 0.685
3.000 0.023 0.683
3.000 0.024 0.680
3.000 0.025 0.677
3.000 0.026 0.675
3.000 0.027 0.673
3.000 0.028 0.670
3.000 0.029 0.668
3.000 0.030 0.666
3.000 0.031 0.663
3.000 0.032 0.661
3.000 0.033 0.659
3.000 0.034 0.657
3.000 0.035 0.655
3.000 0.036 0.653
3.000 0.037 0.651
3.000 0.038 0.650
3.000 0.039 0.648
3.000 0.040 0.646
3.000 0.041 0.644
3.000 0.042 0.643
3.000 0.043 0.641
3.000 0.044 0.639
3.000 0.045 0.638
3.000 0.046 0.636
3.000 0.047 0.635
3.000 0.048 0.633
3.000 0.049 0.632
3.000 0.050 0.630
3.000 0.051 0.629
3.000 0.052 0.627
3.000 0.053 0.626
3.000 0.054 0.624
3.000 0.055 0.623
3.000 0.056 0.622
3.000 0.057 0.620
3.000 0.058 0.619
3.000 0.059 0.618
3.000 0.060 0.616
3.000 0.061 0.615
3.000 0.062 0.614
3.000 0.063 0.613
3.000 0.064 0.612
3.000 0.065 0.610
3.000 0.066 0.609
3.000 0.067 0.608
3.000 0.068 0.607
3.000 0.069 0.606
3.000 0.070 0.604
3.000 0.071 0.603
3.000 0.072 0.603
3.000 0.073 0.601
3.000 0.074 0.600
3.000 0.075 0.599
3.000 0.076 0.598
3.000 0.077 0.597
3.000 0.078 0.596
3.000 0.079 0.595
3.000 0.080 0.594
3.000 0.081 0.593
3.000 0.082 0.592
3.000 0.083 0.591
3.000 0.084 0.590
3.000 0.085 0.589
3.000 0.086 0.588
3.000 0.087 0.587
3.000 0.088 0.586
3.000 0.089 0.585
3.000 0.090 0.584
3.000 0.091 0.584
3.000 0.092 0.583
3.000 0.093 0.582
3.000 0.094 0.581
3.000 0.095 0.580
3.000 0.096 0.579
3.000 0.097 0.578
3.000 0.098 0.578
3.000 0.099 0.577
3.000 0.100 0.576
3.000 0.101 0.575
3.000 0.102 0.574
3.000 0.103 0.573
3.000 0.104 0.572
3.000 0.105 0.572
3.000 0.106 0.571
3.000 0.107 0.570
3.000 0.108 0.569
3.000 0.109 0.569
3.000 0.110 0.568
3.000 0.111 0.567
3.000 0.112 0.566
3.000 0.113 0.565
3.000 0.114 0.565
3.000 0.115 0.564
3.000 0.116 0.563
3.000 0.117 0.562
3.000 0.118 0.562
3.000 0.119 0.561
3.000 0.120 0.560
3.000 0.121 0.560
3.000 0.122 0.559
3.000 0.123 0.558
3.000 0.124 0.557
3.000 0.125 0.557
3.000 0.126 0.556
3.000 0.127 0.555
3.000 0.128 0.555
3.000 0.129 0.554
3.000 0.130 0.554
3.000 0.131 0.553
3.000 0.132 0.552
3.000 0.133 0.551
3.000 0.134 0.551
3.000 0.135 0.550
3.000 0.136 0.549
3.000 0.137 0.549
3.000 0.138 0.548
3.000 0.139 0.547
3.000 0.140 0.547
3.000 0.141 0.546
3.000 0.142 0.546
3.000 0.143 0.545
3.000 0.144 0.544
3.000 0.145 0.544
3.000 0.146 0.543
3.000 0.147 0.542
3.000 0.148 0.542
3.000 0.149 0.541
3.000 0.150 0.541
3.000 0.151 0.540
3.000 0.152 0.540
3.000 0.153 0.539
3.000 0.154 0.538
3.000 0.155 0.538
3.000 0.156 0.537
3.000 0.157 0.536
3.000 0.158 0.536
3.000 0.159 0.536
3.000 0.160 0.535
3.000 0.161 0.534
3.000 0.162 0.534
3.000 0.163 0.533
3.000 0.164 0.533
3.000 0.165 0.532
3.000 0.166 0.531
3.000 0.167 0.531
3.000 0.168 0.531
3.000 0.169 0.530
3.000 0.170 0.529
3.000 0.171 0.529
3.000 0.172 0.528
3.000 0.173 0.528
3.000 0.174 0.527
3.000 0.175 0.527
3.000 0.176 0.526
3.000 0.177 0.525
3.000 0.178 0.525
3.000 0.179 0.525
3.000 0.180 0.524
3.000 0.181 0.524
3.000 0.182 0.523
3.000 0.183 0.522
3.000 0.184 0.522
3.000 0.185 0.521
3.000 0.186 0.521
3.000 0.187 0.521
3.000 0.188 0.520
3.000 0.189 0.520
3.000 0.190 0.519
3.000 0.191 0.518
3.000 0.192 0.518
3.000 0.193 0.517
3.000 0.194 0.517
3.000 0.195 0.517
3.000 0.196 0.516
3.000 0.197 0.516
3.000 0.198 0.515
3.000 0.199 0.515
3.000 0.200 0.514
3.000 0.201 0.514
3.000 0.202 0.513
3.000 0.203 0.513
3.000 0.204 0.512
3.000 0.205 0.512
3.000 0.206 0.511
3.000 0.207 0.511
3.000 0.208 0.510
3.000 0.209 0.510
3.000 0.210 0.510
3.000 0.211 0.509
3.000 0.212 0.509
3.000 0.213 0.508
3.000 0.214 0.508
3.000 0.215 0.507
3.000 0.216 0.507
3.000 0.217 0.507
3.000 0.218 0.506
3.000 0.219 0.506
3.000 0.220 0.505
3.000 0.221 0.505
3.000 0.222 0.504
3.000 0.223 0.504
3.000 0.224 0.504
3.000 0.225 0.503
3.000 0.226 0.503
3.000 0.227 0.502
3.000 0.228 0.502
3.000 0.229 0.501
3.000 0.230 0.501
3.000 0.231 0.500
3.000 0.232 0.500
3.000 0.233 0.500
3.000 0.234 0.499
3.000 0.235 0.499
3.000 0.236 0.498
3.000 0.237 0.498
3.000 0.238 0.497
3.000 0.239 0.497
3.000 0.240 0.496
3.000 0.241 0.496
3.000 0.242 0.496
3.000 0.243 0.495
3.000 0.244 0.495
3.000 0.245 0.494
3.000 0.246 0.494
3.000 0.247 0.494
3.000 0.248 0.493
3.000 0.249 0.493
3.000 0.250 0.493
3.000 0.251 0.492
3.000 0.252 0.492
3.000 0.253 0.491
3.000 0.254 0.491
3.000 0.255 0.490
3.000 0.256 0.490
3.000 0.257 0.490
3.000 0.258 0.489
3.000 0.259 0.489
3.000 0.260 0.489
3.000 0.261 0.488
3.000 0.262 0.488
3.000 0.263 0.488
3.000 0.264 0.487
3.000 0.265 0.487
3.000 0.266 0.486
3.000 0.267 0.486
3.000 0.268 0.486
3.000 0.269 0.485
3.000 0.270 0.485
3.000 0.271 0.485
3.000 0.272 0.484
3.000 0.273 0.484
3.000 0.274 0.483
3.000 0.275 0.483
3.000 0.276 0.483
3.000 0.277 0.482
3.000 0.278 0.482
3.000 0.279 0.482
3.000 0.280 0.481
3.000 0.281 0.481
3.000 0.282 0.480
3.000 0.283 0.480
3.000 0.284 0.480
3.000 0.285 0.480
3.000 0.286 0.479
3.000 0.287 0.479
3.000 0.288 0.478
3.000 0.289 0.478
3.000 0.290 0.478
3.000 0.291 0.477
3.000 0.292 0.477
3.000 0.293 0.477
3.000 0.294 0.476
3.000 0.295 0.476
3.000 0.296 0.475
3.000 0.297 0.475
3.000 0.298 0.475
3.000 0.299 0.474
3.000 0.300 0.474
3.000 0.301 0.474
3.000 0.302 0.473
3.000 0.303 0.473
3.000 0.304 0.473
3.000 0.305 0.472
3.000 0.306 0.472
3.000 0.307 0.472
3.000 0.308 0.471
3.000 0.309 0.471
3.000 0.310 0.471
3.000 0.311 0.470
3.000 0.312 0.470
3.000 0.313 0.470
3.000 0.314 0.469
3.000 0.315 0.469
3.000 0.316 0.468
3.000 0.317 0.468
3.000 0.318 0.468
3.000 0.319 0.468
3.000 0.320 0.467
3.000 0.321 0.467
3.000 0.322 0.467
3.000 0.323 0.467
3.000 0.324 0.466
3.000 0.325 0.465
3.000 0.326 0.465
3.000 0.327 0.465
3.000 0.328 0.465
3.000 0.329 0.464
3.000 0.330 0.464
3.000 0.331 0.464
3.000 0.332 0.464
3.000 0.333 0.463
3.000 0.334 0.463
3.000 0.335 0.462
3.000 0.336 0.462
3.000 0.337 0.462
3.000 0.338 0.461
3.000 0.339 0.461
3.000 0.340 0.461
3.000 0.341 0.460
3.000 0.342 0.460
3.000 0.343 0.460
3.000 0.344 0.460
3.000 0.345 0.459
3.000 0.346 0.459
3.000 0.347 0.459
3.000 0.348 0.458
3.000 0.349 0.458
3.000 0.350 0.458
3.000 0.351 0.458
3.000 0.352 0.457
3.000 0.353 0.457
3.000 0.354 0.456
3.000 0.355 0.456
3.000 0.356 0.456
3.000 0.357 0.455
3.000 0.358 0.455
3.000 0.359 0.455
3.000 0.360 0.454
3.000 0.361 0.454
3.000 0.362 0.454
3.000 0.363 0.454
3.000 0.364 0.453
3.000 0.365 0.453
3.000 0.366 0.453
3.000 0.367 0.452
3.000 0.368 0.452
3.000 0.369 0.452
3.000 0.370 0.451
3.000 0.371 0.451
3.000 0.372 0.451
3.000 0.373 0.451
3.000 0.374 0.450
3.000 0.375 0.450
3.000 0.376 0.450
3.000 0.377 0.449
3.000 0.378 0.449
3.000 0.379 0.449
3.000 0.380 0.448
3.000 0.381 0.448
3.000 0.382 0.448
3.000 0.383 0.448
3.000 0.384 0.448
3.000 0.385 0.447
3.000 0.386 0.447
3.000 0.387 0.447
3.000 0.388 0.446
3.000 0.389 0.446
3.000 0.390 0.446
3.000 0.391 0.446
3.000 0.392 0.445
3.000 0.393 0.445
3.000 0.394 0.445
3.000 0.395 0.444
3.000 0.396 0.444
3.000 0.397 0.444
3.000 0.398 0.443
3.000 0.399 0.443
3.000 0.400 0.443
3.000 0.401 0.443
3.000 0.402 0.443
3.000 0.403 0.442
3.000 0.404 0.442
3.000 0.405 0.442
3.000 0.406 0.441
3.000 0.407 0.441
3.000 0.408 0.441
3.000 0.409 0.440
3.000 0.410 0.440
3.000 0.411 0.440
3.000 0.412 0.439
3.000 0.413 0.440
3.000 0.414 0.439
3.000 0.415 0.439
3.000 0.416 0.439
3.000 0.417 0.438
3.000 0.418 0.438
3.000 0.419 0.438
3.000 0.420 0.437
3.000 0.421 0.437
3.000 0.422 0.437
3.000 0.423 0.437
3.000 0.424 0.436
3.000 0.425 0.436
3.000 0.426 0.436
3.000 0.427 0.435
3.000 0.428 0.435
3.000 0.429 0.435
3.000 0.430 0.435
3.000 0.431 0.435
3.000 0.432 0.434
3.000 0.433 0.434
3.000 0.434 0.434
3.000 0.435 0.433
3.000 0.436 0.433
3.000 0.437 0.433
3.000 0.438 0.433
3.000 0.439 0.432
3.000 0.440 0.432
3.000 0.441 0.432
3.000 0.442 0.431
3.000 0.443 0.431
3.000 0.444 0.431
3.000 0.445 0.431
3.000 0.446 0.430
3.000 0.447 0.430
3.000 0.448 0.430
3.000 0.449 0.430
3.000 0.450 0.429
3.000 0.451 0.429
3.000 0.452 0.429
3.000 0.453 0.428
3.000 0.454 0.428
3.000 0.455 0.428
3.000 0.456 0.428
3.000 0.457 0.427
3.000 0.458 0.427
3.000 0.459 0.427
3.000 0.460 0.427
3.000 0.461 0.427
3.000 0.462 0.426
3.000 0.463 0.426
3.000 0.464 0.425
3.000 0.465 0.426
3.000 0.466 0.425
3.000 0.467 0.425
3.000 0.468 0.425
3.000 0.469 0.424
3.000 0.470 0.424
3.000 0.471 0.424
3.000 0.472 0.424
3.000 0.473 0.423
3.000 0.474 0.423
3.000 0.475 0.423
3.000 0.476 0.423
3.000 0.477 0.422
3.000 0.478 0.422
3.000 0.479 0.422
3.000 0.480 0.422
3.000 0.481 0.421
3.000 0.482 0.421
3.000 0.483 0.421
3.000 0.484 0.421
3.000 0.485 0.420
3.000 0.486 0.420
3.000 0.487 0.420
3.000 0.488 0.420
3.000 0.489 0.419
3.000 0.490 0.419
3.000 0.491 0.419
3.000 0.492 0.419
3.000 0.493 0.418
3.000 0.494 0.418
3.000 0.495 0.418
3.000 0.496 0.417
3.000 0.497 0.417
3.000 0.498 0.417
3.000 0.499 0.417
3.000 0.500 0.416
3.000 0.501 0.417
3.000 0.502 0.416
3.000 0.503 0.416
3.000 0.504 0.415
3.000 0.505 0.415
3.000 0.506 0.415
3.000 0.507 0.415
3.000 0.508 0.415
3.000 0.509 0.414
3.000 0.510 0.414
3.000 0.511 0.414
3.000 0.512 0.414
3.000 0.513 0.413
3.000 0.514 0.413
3.000 0.515 0.413
3.000 0.516 0.413
3.000 0.517 0.412
3.000 0.518 0.412
3.000 0.519 0.412
3.000 0.520 0.411
3.000 0.521 0.411
3.000 0.522 0.411
3.000 0.523 0.411
3.000 0.524 0.411
3.000 0.525 0.410
3.000 0.526 0.410
3.000 0.527 0.410
3.000 0.528 0.410
3.000 0.529 0.410
3.000 0.530 0.409
3.000 0.531 0.409
3.000 0.532 0.409
3.000 0.533 0.408
3.000 0.534 0.408
3.000 0.535 0.408
3.000 0.536 0.408
3.000 0.537 0.407
3.000 0.538 0.407
3.000 0.539 0.407
3.000 0.540 0.407
3.000 0.541 0.407
3.000 0.542 0.406
3.000 0.543 0.406
3.000 0.544 0.406
3.000 0.545 0.405
3.000 0.546 0.405
3.000 0.547 0.405
3.000 0.548 0.405
3.000 0.549 0.405
3.000 0.550 0.404
3.000 0.551 0.404
3.000 0.552 0.404
3.000 0.553 0.404
3.000 0.554 0.403
3.000 0.555 0.403
3.000 0.556 0.403
3.000 0.557 0.402
3.000 0.558 0.403
3.000 0.559 0.402
3.000 0.560 0.402
3.000 0.561 0.402
3.000 0.562 0.402
3.000 0.563 0.401
3.000 0.564 0.401
3.000 0.565 0.401
3.000 0.566 0.400
3.000 0.567 0.400
3.000 0.568 0.400
3.000 0.569 0.400
3.000 0.570 0.400
3.000 0.571 0.400
3.000 0.572 0.399
3.000 0.573 0.399
3.000 0.574 0.399
3.000 0.575 0.398
3.000 0.576 0.398
3.000 0.577 0.398
3.000 0.578 0.398
3.000 0.579 0.397
3.000 0.580 0.397
3.000 0.581 0.397
3.000 0.582 0.397
3.000 0.583 0.396
3.000 0.584 0.396
3.000 0.585 0.396
3.000 0.586 0.396
3.000 0.587 0.395
3.000 0.588 0.395
3.000 0.589 0.395
3.000 0.590 0.395
3.000 0.591 0.394
3.000 0.592 0.394
3.000 0.593 0.394
3.000 0.594 0.394
3.000 0.595 0.394
3.000 0.596 0.393
3.000 0.597 0.393
3.000 0.598 0.393
3.000 0.599 0.393
3.000 0.600 0.392
3.000 0.601 0.392
3.000 0.602 0.392
3.000 0.603 0.392
3.000 0.604 0.391
3.000 0.605 0.391
3.000 0.606 0.391
3.000 0.607 0.391
3.000 0.608 0.391
3.000 0.609 0.390
3.000 0.610 0.390
3.000 0.611 0.390
3.000 0.612 0.390
3.000 0.613 0.390
3.000 0.614 0.389
3.000 0.615 0.389
3.000 0.616 0.389
3.000 0.617 0.389
3.000 0.618 0.389
3.000 0.619 0.388
3.000 0.620 0.388
3.000 0.621 0.388
3.000 0.622 0.388
3.000 0.623 0.387
3.000 0.624 0.387
3.000 0.625 0.387
3.000 0.626 0.387
3.000 0.627 0.386
3.000 0.628 0.386
3.000 0.629 0.386
3.000 0.630 0.386
3.000 0.631 0.386
3.000 0.632 0.385
3.000 0.633 0.385
3.000 0.634 0.385
3.000 0.635 0.384
3.000 0.636 0.384
3.000 0.637 0.384
3.000 0.638 0.384
3.000 0.639 0.384
3.000 0.640 0.384
3.000 0.641 0.383
3.000 0.642 0.383
3.000 0.643 0.383
3.000 0.644 0.382
3.000 0.645 0.382
3.000 0.646 0.382
3.000 0.647 0.382
3.000 0.648 0.381
3.000 0.649 0.381
3.000 0.650 0.381
3.000 0.651 0.381
3.000 0.652 0.381
3.000 0.653 0.380
3.000 0.654 0.380
3.000 0.655 0.380
3.000 0.656 0.380
3.000 0.657 0.380
3.000 0.658 0.379
3.000 0.659 0.379
3.000 0.660 0.379
3.000 0.661 0.379
3.000 0.662 0.379
3.000 0.663 0.378
3.000 0.664 0.378
3.000 0.665 0.378
3.000 0.666 0.378
3.000 0.667 0.377
3.000 0.668 0.377
3.000 0.669 0.377
3.000 0.670 0.377
3.000 0.671 0.376
3.000 0.672 0.376
3.000 0.673 0.376
3.000 0.674 0.376
3.000 0.675 0.375
3.000 0.676 0.375
3.000 0.677 0.375
3.000 0.678 0.375
3.000 0.679 0.374
3.000 0.680 0.374
3.000 0.681 0.374
3.000 0.682 0.374
3.000 0.683 0.374
3.000 0.684 0.373
3.000 0.685 0.373
3.000 0.686 0.373
3.000 0.687 0.373
3.000 0.688 0.372
3.000 0.689 0.372
3.000 0.690 0.372
3.000 0.691 0.372
3.000 0.692 0.372
3.000 0.693 0.371
3.000 0.694 0.371
3.000 0.695 0.371
3.000 0.696 0.370
3.000 0.697 0.370
3.000 0.698 0.370
3.000 0.699 0.370
3.000 0.700 0.370
3.000 0.701 0.369
3.000 0.702 0.369
3.000 0.703 0.369
3.000 0.704 0.369
3.000 0.705 0.369
3.000 0.706 0.368
3.000 0.707 0.368
3.000 0.708 0.368
3.000 0.709 0.368
3.000 0.710 0.367
3.000 0.711 0.367
3.000 0.712 0.367
3.000 0.713 0.367
3.000 0.714 0.366
3.000 0.715 0.366
3.000 0.716 0.366
3.000 0.717 0.366
3.000 0.718 0.365
3.000 0.719 0.365
3.000 0.720 0.365
3.000 0.721 0.365
3.000 0.722 0.364
3.000 0.723 0.364
3.000 0.724 0.364
3.000 0.725 0.364
3.000 0.726 0.364
3.000 0.727 0.364
3.000 0.728 0.363
3.000 0.729 0.363
3.000 0.730 0.363
3.000 0.731 0.362
3.000 0.732 0.362
3.000 0.733 0.362
3.000 0.734 0.362
3.000 0.735 0.362
3.000 0.736 0.361
3.000 0.737 0.361
3.000 0.738 0.361
3.000 0.739 0.361
3.000 0.740 0.361
3.000 0.741 0.360
3.000 0.742 0.360
3.000 0.743 0.360
3.000 0.744 0.360
3.000 0.745 0.359
3.000 0.746 0.359
3.000 0.747 0.359
3.000 0.748 0.359
3.000 0.749 0.358
3.000 0.750 0.358
3.000 0.751 0.358
3.000 0.752 0.358
3.000 0.753 0.357
3.000 0.754 0.357
3.000 0.755 0.357
3.000 0.756 0.357
3.000 0.757 0.356
3.000 0.758 0.356
3.000 0.759 0.356
3.000 0.760 0.356
3.000 0.761 0.356
3.000 0.762 0.355
3.000 0.763 0.355
3.000 0.764 0.355
3.000 0.765 0.355
3.000 0.766 0.355
3.000 0.767 0.354
3.000 0.768 0.354
3.000 0.769 0.354
3.000 0.770 0.353
3.000 0.771 0.353
3.000 0.772 0.353
3.000 0.773 0.353
3.000 0.774 0.352
3.000 0.775 0.352
3.000 0.776 0.352
3.000 0.777 0.352
3.000 0.778 0.352
3.000 0.779 0.351
3.000 0.780 0.351
3.000 0.781 0.351
3.000 0.782 0.351
3.000 0.783 0.350
3.000 0.784 0.350
3.000 0.785 0.350
3.000 0.786 0.350
3.000 0.787 0.349
3.000 0.788 0.349
3.000 0.789 0.349
3.000 0.790 0.349
3.000 0.791 0.349
3.000 0.792 0.348
3.000 0.793 0.348
3.000 0.794 0.348
3.000 0.795 0.347
3.000 0.796 0.347
3.000 0.797 0.347
3.000 0.798 0.347
3.000 0.799 0.346
3.000 0.800 0.346
3.000 0.801 0.346
3.000 0.802 0.346
3.000 0.803 0.345
3.000 0.804 0.345
3.000 0.805 0.345
3.000 0.806 0.345
3.000 0.807 0.345
3.000 0.808 0.344
3.000 0.809 0.344
3.000 0.810 0.344
3.000 0.811 0.344
3.000 0.812 0.343
3.000 0.813 0.343
3.000 0.814 0.343
3.000 0.815 0.343
3.000 0.816 0.342
3.000 0.817 0.342
3.000 0.818 0.342
3.000 0.819 0.342
3.000 0.820 0.341
3.000 0.821 0.341
3.000 0.822 0.341
3.000 0.823 0.341
3.000 0.824 0.340
3.000 0.825 0.340
3.000 0.826 0.340
3.000 0.827 0.340
3.000 0.828 0.339
3.000 0.829 0.339
3.000 0.830 0.339
3.000 0.831 0.338
3.000 0.832 0.339
3.000 0.833 0.338
3.000 0.834 0.338
3.000 0.835 0.337
3.000 0.836 0.337
3.000 0.837 0.337
3.000 0.838 0.337
3.000 0.839 0.337
3.000 0.840 0.336
3.000 0.841 0.336
3.000 0.842 0.336
3.000 0.843 0.335
3.000 0.844 0.335
3.000 0.845 0.335
3.000 0.846 0.335
3.000 0.847 0.334
3.000 0.848 0.334
3.000 0.849 0.334
3.000 0.850 0.334
3.000 0.851 0.334
3.000 0.852 0.333
3.000 0.853 0.333
3.000 0.854 0.333
3.000 0.855 0.332
3.000 0.856 0.332
3.000 0.857 0.332
3.000 0.858 0.332
3.000 0.859 0.331
3.000 0.860 0.331
3.000 0.861 0.331
3.000 0.862 0.331
3.000 0.863 0.330
3.000 0.864 0.330
3.000 0.865 0.330
3.000 0.866 0.330
3.000 0.867 0.329
3.000 0.868 0.329
3.000 0.869 0.329
3.000 0.870 0.328
3.000 0.871 0.328
3.000 0.872 0.328
3.000 0.873 0.328
3.000 0.874 0.327
3.000 0.875 0.327
3.000 0.876 0.327
3.000 0.877 0.327
3.000 0.878 0.326
3.000 0.879 0.326
3.000 0.880 0.326
3.000 0.881 0.325
3.000 0.882 0.325
3.000 0.883 0.325
3.000 0.884 0.325
3.000 0.885 0.325
3.000 0.886 0.324
3.000 0.887 0.324
3.000 0.888 0.324
3.000 0.889 0.323
3.000 0.890 0.323
3.000 0.891 0.323
3.000 0.892 0.322
3.000 0.893 0.322
3.000 0.894 0.322
3.000 0.895 0.322
3.000 0.896 0.321
3.000 0.897 0.321
3.000 0.898 0.321
3.000 0.899 0.321
3.000 0.900 0.320
