# curve  peak  x  y
0 2018 1939 0.055555555555555552
0 2018 1958 0.0086206896551724171
0 2018 1959 0.014492753623188401
0 2018 1962 0.016853932584269662
0 2018 1975 0.010899182561307896
0 2018 1976 0.013513513513513514
0 2018 1979 0.011737089201877923
0 2018 1981 0.012145748987854255
0 2018 1984 0.0099009900990099098
0 2018 1985 0.010937499999999989
0 2018 1986 0.011747430249632901
0 2018 1988 0.011811023622047251
0 2018 1989 0.012195121951219523
0 2018 1991 0.01307189542483661
0 2018 1992 0.013306038894575239
0 2018 1994 0.015985790408525768
0 2018 1995 0.016273393002441017
0 2018 1996 0.018409425625920461
0 2018 1997 0.019518542615484691
0 2018 1998 0.021574344023323588
0 2018 1999 0.021803766105054523
0 2018 2000 0.026041666666666685
0 2018 2001 0.026019417475728168
0 2018 2002 0.027065527065527062
0 2018 2003 0.027821688270629141
0 2018 2004 0.029182317249349887
0 2018 2005 0.031160737470786848
0 2018 2006 0.03244412400865182
0 2018 2007 0.034068136272545124
0 2018 2008 0.036548442906574441
0 2018 2009 0.038947586492645514
0 2018 2010 0.040119165839126114
0 2018 2011 0.042010358718588159
0 2018 2012 0.043829947328818619
0 2018 2013 0.046805349182763689
0 2018 2014 0.050341603739662011
0 2018 2015 0.052492046659597058
0 2018 2016 0.056195462478184965
0 2018 2017 0.057547508067407604
0 2018 2018 0.061232449297971892
1 2018 1953 0.014084507042253521
1 2018 1954 0.023255813953488372
1 2018 1957 0.017857142857142856
1 2018 1967 0.012295081967213115
1 2018 1976 0.010810810810810811
1 2018 1977 0.012658227848101264
1 2018 1978 0.012048192771084335
1 2018 1979 0.014084507042253516
1 2018 1984 0.013201320132013208
1 2018 1986 0.013215859030836996
1 2018 1987 0.01406469760900142
1 2018 1988 0.015748031496062992
1 2018 1989 0.019512195121951209
1 2018 1990 0.021615472127417518
1 2018 1991 0.022875816993464054
1 2018 1992 0.024564994882292746
1 2018 1993 0.024880382775119614
1 2018 1994 0.027531083481349916
1 2018 1995 0.028478437754271779
1 2018 1996 0.028718703976435944
1 2018 1997 0.027325959661678612
1 2018 1998 0.026239067055393583
1 2018 1999 0.028245787908820597
1 2018 2000 0.02777777777777779
1 2018 2001 0.031067961165048508
1 2018 2002 0.030982905982905984
1 2018 2003 0.032247865950047472
1 2018 2004 0.032649523259173696
1 2018 2005 0.035315502466891746
1 2018 2006 0.035087719298245612
1 2018 2007 0.037185482075261622
1 2018 2008 0.036764705882352922
1 2018 2009 0.036047234307022946
1 2018 2010 0.036742800397219444
1 2018 2011 0.037214655668521002
1 2018 2012 0.039127163280662125
1 2018 2013 0.039190193164933107
1 2018 2014 0.040992448759439082
1 2018 2015 0.043831742665252693
1 2018 2016 0.046596858638743521
1 2018 2017 0.049480100394406534
1 2018 2018 0.054212168486739376
2 2018 2000 0
2 2018 2003 0.00031615554852987672
2 2018 2010 0
2 2018 2011 0.00019182812200268563
2 2018 2012 0.00037622272385252062
2 2018 2013 0.00055720653789004455
2 2018 2015 0.00035348179568752205
2 2018 2017 0.00053782717820007194
2 2018 2018 0.00078003120124804995
3 2018 2005 0.00051934562451311347
3 2018 2006 0.00048065368901706329
3 2018 2007 0.00066800267201068799
3 2018 2009 0.00082867205303501119
3 2018 2010 0.00099304865938431002
3 2018 2011 0.0013427968540187995
3 2018 2013 0.0014858841010401188
3 2018 2014 0.0019777058612010061
3 2018 2015 0.0037115588547189816
3 2018 2016 0.0048865619546247813
3 2018 2017 0.0059160989602007885
3 2018 2018 0.0074102964118564763
4 2018 1982 0.0018726591760299626
4 2018 1992 0.0020470829068577273
4 2018 1999 0.00099108027750247768
4 2018 2001 0.0023300970873786405
4 2018 2002 0.0017806267806267807
4 2018 2003 0.0031615554852987664
4 2018 2004 0.0034672060098237499
4 2018 2005 0.0038950921838483525
4 2018 2006 0.0036049026676279738
4 2018 2007 0.0037853484747272306
4 2018 2008 0.004108996539792388
4 2018 2009 0.0043505282784338101
4 2018 2010 0.0043694141012909637
4 2018 2011 0.0055630155380778853
4 2018 2012 0.0060195635816403317
4 2018 2013 0.0059435364041604752
4 2018 2014 0.0077310320028766699
4 2018 2015 0.0095440084835630989
4 2018 2016 0.01151832460732985
4 2018 2017 0.013804230907135173
4 2018 2018 0.017550702028081122
5 2018 1994 0.00088809946714031975
5 2018 1999 0.00099108027750247768
5 2018 2000 0.0026041666666666665
5 2018 2001 0.0034951456310679608
5 2018 2002 0.0039173789173789185
5 2018 2003 0.0047423332279481513
5 2018 2004 0.0046229413464316665
5 2018 2005 0.0038950921838483525
5 2018 2006 0.0038452295121365054
5 2018 2007 0.0031173458027165431
5 2018 2008 0.0025951557093425587
5 2018 2009 0.0026931841723637842
5 2018 2010 0.0033763654419066563
5 2018 2011 0.0040283905620564012
5 2018 2012 0.003950338600451464
5 2018 2013 0.0039004457652303121
5 2018 2014 0.0043149946062567418
5 2018 2015 0.0042417815482502647
5 2018 2016 0.0045375218150087299
5 2018 2017 0.0062746504123341734
5 2018 2018 0.0078003120124804926
6 2018 1999 0.00049554013875123884
6 2018 2001 0.00038834951456310682
6 2018 2002 0.0014245014245014246
6 2018 2004 0.0014446691707598958
6 2018 2006 0.00096130737803412636
6 2018 2007 0.00089067022934758398
6 2018 2008 0.0010813148788927337
6 2018 2011 0.001534624976021485
6 2018 2012 0.0016930022573363422
6 2018 2013 0.001671619613670133
6 2018 2014 0.0016181229773462782
6 2018 2015 0.0019441498762813713
6 2018 2016 0.0020942408376963349
6 2018 2017 0.0019720329867335962
6 2018 2018 0.0021450858034321382
7 2018 2008 0.00021626297577854672
7 2018 2010 0.00039721946375372393
7 2018 2011 0.00057548436600805678
7 2018 2012 0.0005643340857787811
7 2018 2013 0.00092867756315007403
7 2018 2014 0.0014383315354189142
7 2018 2015 0.0014139271827500882
7 2018 2016 0.0013961605584642232
7 2018 2017 0.0016134815346002156
7 2018 2018 0.0019500780031201249
8 2018 2007 0.00022266755733689602
8 2018 2010 0.00039721946375372399
8 2018 2011 0.00057548436600805667
8 2018 2012 0.00075244544770504147
8 2018 2013 0.00092867756315007446
8 2018 2014 0.0010787486515641855
8 2018 2015 0.00088370448921880514
8 2018 2016 0.0010471204188481674
8 2018 2017 0.0014342058085335249
8 2018 2018 0.0021450858034321374
9 2018 2000 0.00043402777777777775
9 2018 2001 0.00077669902912621365
9 2018 2003 0.0018969332911792601
9 2018 2004 0.001733603004911875
9 2018 2006 0.0016822879115597211
9 2018 2008 0.0012975778546712811
9 2018 2009 0.00145017609281127
9 2018 2010 0.0017874875868917582
9 2018 2011 0.0015346249760214842
9 2018 2014 0.0014383315354189134
9 2018 2015 0.0015906680805938492
9 2018 2016 0.0026178010471204181
9 2018 2017 0.002689135891000359
9 2018 2018 0.0037051482059282381
10 2018 1995 0.00081366965012205042
10 2018 1999 0.00099108027750247768
10 2018 2002 0.00035612535612535631
10 2018 2007 0.00044533511467379199
10 2018 2008 0.00021626297577854656
10 2018 2010 0.00059582919563058593
10 2018 2011 0.00095914061001342804
10 2018 2012 0.00094055680963130162
10 2018 2013 0.0011144130757800887
10 2018 2014 0.0019777058612010061
10 2018 2015 0.0024743725698126544
10 2018 2016 0.0027923211169284465
10 2018 2017 0.0030476873431337405
10 2018 2018 0.0031201248049921998
11 2018 2005 0.00025967281225655674
11 2018 2006 0.00048065368901706323
11 2018 2007 0.0006680026720106882
11 2018 2010 0.00039721946375372388
11 2018 2012 0.00075244544770504125
11 2018 2013 0.0011144130757800891
11 2018 2014 0.0012585400934915494
11 2018 2015 0.0022976316719688934
11 2018 2016 0.0020942408376963349
11 2018 2017 0.0023305844388669776
11 2018 2018 0.0025351014040561632
12 2018 2008 0.00021626297577854672
12 2018 2011 0.00038365624400537121
12 2018 2012 0.00056433408577878099
12 2018 2013 0.00092867756315007446
12 2018 2014 0.0017979144192736426
12 2018 2015 0.003534817956875221
12 2018 2016 0.0045375218150087264
12 2018 2017 0.0050197203298673367
12 2018 2018 0.006045241809672388
13 2018 1997 0.00065061808718282373
13 2018 1999 0.00099108027750247768
13 2018 2000 0.001302083333333333
13 2018 2001 0.00077669902912621365
13 2018 2002 0.0017806267806267802
13 2018 2004 0.0011557353366079166
13 2018 2005 0.00051934562451311315
13 2018 2007 0.00044533511467379199
13 2018 2008 0.00043252595155709311
13 2018 2009 0.00062150403977625883
13 2018 2011 0.00076731248801074209
13 2018 2012 0.0013167795334838219
13 2018 2013 0.0014858841010401188
13 2018 2014 0.0016181229773462782
13 2018 2015 0.0012371862849063272
13 2018 2016 0.0015706806282722498
13 2018 2017 0.0019720329867335962
13 2018 2018 0.0021450858034321382
14 2018 2010 0.00019860973187686197
14 2018 2013 0.00055720653789004455
14 2018 2015 0.00088370448921880524
14 2018 2017 0.00089637863033345273
14 2018 2018 0.0015600624024961003
15 2018 2011 0.0001918281220026856
15 2018 2013 0.00018573551263001488
15 2018 2014 0.00035958288385472845
15 2018 2015 0.00070696359137504411
15 2018 2016 0.00069808027923211162
15 2018 2017 0.00089637863033345273
15 2018 2018 0.0019500780031201244
16 2018 1974 0
16 2018 1978 0
16 2018 2004 0.00028893383415197921
16 2018 2006 0.00048065368901706313
16 2018 2007 0.00066800267201068799
16 2018 2012 0.00075244544770504147
16 2018 2014 0.00089895720963682106
16 2018 2015 0.0010604453870625662
16 2018 2016 0.0010471204188481674
16 2018 2017 0.00089637863033345273
16 2018 2018 0.0011700468018720749
17 2018 1997 0.00065061808718282373
17 2018 1999 0.00099108027750247768
17 2018 2000 0.001302083333333333
17 2018 2001 0.0023300970873786414
17 2018 2002 0.0017806267806267807
17 2018 2003 0.00094846664558963061
17 2018 2005 0.00051934562451311402
17 2018 2006 0.00072098053352559477
17 2018 2008 0.0010813148788927328
17 2018 2009 0.0012430080795525177
17 2018 2010 0.0013902681231380346
17 2018 2011 0.0013427968540187987
17 2018 2012 0.0015048908954100829
17 2018 2013 0.0011144130757800887
17 2018 2014 0.0014383315354189151
17 2018 2015 0.0014139271827500882
17 2018 2016 0.0019197207678883083
17 2018 2017 0.0023305844388669776
17 2018 2018 0.0027301092043681731
18 2018 1990 0
18 2018 1993 0.00095693779904306223
18 2018 2004 0.00057786766830395843
18 2018 2005 0.0010386912490262272
18 2018 2006 0.0012016342225426579
18 2018 2007 0.001336005344021376
18 2018 2010 0.0013902681231380337
18 2018 2011 0.001150968732016114
18 2018 2012 0.0013167795334838219
18 2018 2013 0.0020430906389301631
18 2018 2014 0.0016181229773462782
18 2018 2015 0.0015906680805938492
18 2018 2016 0.0015706806282722516
18 2018 2017 0.0017927572606669072
18 2018 2018 0.0025351014040561615
19 2018 1999 0.00049554013875123884
19 2018 2001 0.00077669902912621365
19 2018 2002 0.0014245014245014248
19 2018 2004 0.0014446691707598958
19 2018 2005 0.0015580368735393403
19 2018 2006 0.0016822879115597211
19 2018 2007 0.001781340458695168
19 2018 2008 0.0019463667820069207
19 2018 2009 0.0022788481458462812
19 2018 2010 0.0025819265143992055
19 2018 2011 0.0028774218300402846
19 2018 2012 0.0031978931527464269
19 2018 2013 0.0029717682020802376
19 2018 2014 0.0032362459546925564
19 2018 2015 0.0033580770590314578
19 2018 2016 0.0031413612565445032
19 2018 2017 0.0032269630692004295
19 2018 2018 0.0037051482059282381
20 2018 2004 0.00057786766830395843
20 2018 2008 0.00064878892733564
20 2018 2010 0.00079443892750744776
20 2018 2011 0.00095914061001342804
20 2018 2013 0.0014858841010401192
20 2018 2015 0.0015906680805938492
20 2018 2016 0.0019197207678883065
20 2018 2017 0.0025098601649336683
20 2018 2018 0.0027301092043681748
21 2018 2003 0.00031615554852987672
21 2018 2010 0.00019860973187686194
21 2018 2012 0.00037622272385252062
21 2018 2013 0.0003714710252600297
21 2018 2014 0.00035958288385472856
21 2018 2015 0.00035348179568752227
21 2018 2016 0.00034904013961605581
21 2018 2017 0.00017927572606669072
21 2018 2018 0.00039001560062402497
22 2018 1988 0.0013123359580052493
22 2018 1996 0.0014727540500736377
22 2018 1998 0.00058309037900874635
22 2018 2003 0.00094846664558963017
22 2018 2004 0.00086680150245593748
22 2018 2005 0.00077901843676967016
22 2018 2006 0.00072098053352559477
22 2018 2012 0.0011286681715575618
22 2018 2013 0.0011144130757800887
22 2018 2014 0.0012585400934915503
22 2018 2015 0.0012371862849063272
22 2018 2016 0.0010471204188481683
22 2018 2017 0.0010756543564001443
22 2018 2018 0.0015600624024960999
23 2018 1958 0
23 2018 2006 0.00048065368901706318
23 2018 2007 0.00044533511467379199
23 2018 2010 0.00059582919563058593
23 2018 2011 0.000575484366008057
23 2018 2015 0.00053022269353128308
23 2018 2017 0.00071710290426676244
23 2018 2018 0.000975039001560062
24 2018 2001 0.00038834951456310682
24 2018 2014 0.00035958288385472856
24 2018 2015 0.00035348179568752205
24 2018 2016 0.00034904013961605581
24 2018 2018 0.0015600624024960999
25 2016 1991 0
25 2016 1992 0.0010235414534288639
25 2016 1995 0.0024410089503661509
25 2016 1996 0.004418262150220913
25 2016 1997 0.005204944697462589
25 2016 1999 0.0059464816650148661
25 2016 2000 0.0065104166666666678
25 2016 2001 0.0077669902912621373
25 2016 2002 0.0074786324786324798
25 2016 2003 0.0069554220676572853
25 2016 2004 0.0066454781854955181
25 2016 2005 0.0059724746819008051
25 2016 2006 0.0060081711127132897
25 2016 2007 0.0060120240480961984
25 2016 2008 0.0069204152249134898
25 2016 2009 0.0072508804640563501
25 2016 2010 0.0071499503475670328
25 2016 2011 0.0069058123920966857
25 2016 2012 0.0067720090293453689
25 2016 2013 0.0070579494799405673
25 2016 2014 0.007191657677094565
25 2016 2015 0.0079533404029692445
25 2016 2016 0.0083769633507853325
25 2016 2017 0.0066332018644675583
25 2016 2018 0.006825273010920424
26 2016 1964 0.0049261083743842365
26 2016 1968 0.0038461538461538472
26 2016 1977 0.0050632911392405056
26 2016 1979 0.002347417840375586
26 2016 1982 0.0037453183520599238
26 2016 1986 0.0044052863436123343
26 2016 1998 0.0023323615160349871
26 2016 1999 0.0034687809712586719
26 2016 2000 0.0034722222222222203
26 2016 2002 0.0032051282051282076
26 2016 2003 0.0034777110338286427
26 2016 2004 0.0043340075122796848
26 2016 2005 0.0044144378083614683
26 2016 2006 0.0045662100456621002
26 2016 2007 0.004898686261411711
26 2016 2008 0.0062716262975778536
26 2016 2009 0.0062150403977625918
26 2016 2010 0.007547169811320753
26 2016 2011 0.0082486092461154792
26 2016 2012 0.0080887885628291994
26 2016 2013 0.0083580980683506667
26 2016 2014 0.0082704063286587609
26 2016 2015 0.0084835630965005293
26 2016 2016 0.0085514834205933643
26 2016 2017 0.0078881319469343847
26 2016 2018 0.0083853354134165448
27 2011 1973 0.0030769230769230769
27 2011 1975 0.0054495912806539508
27 2011 1978 0.0072289156626506017
27 2011 1979 0.0093896713615023476
27 2011 1986 0.010279001468428785
27 2011 1988 0.011811023622047244
27 2011 1989 0.012195121951219516
27 2011 1990 0.011376564277588166
27 2011 1992 0.011258955987717506
27 2011 1993 0.012440191387559807
27 2011 1994 0.015097690941385439
27 2011 1995 0.013832384052074861
27 2011 1996 0.016200294550810027
27 2011 1997 0.01496421600520495
27 2011 1998 0.016326530612244899
27 2011 1999 0.018830525272547083
27 2011 2000 0.020399305555555552
27 2011 2001 0.022912621359223312
27 2011 2002 0.022435897435897412
27 2011 2003 0.024343977236800485
27 2011 2004 0.025426177405374173
27 2011 2005 0.025447935601142557
27 2011 2006 0.024513338139870222
27 2011 2007 0.02672010688042753
27 2011 2008 0.026816608996539815
27 2011 2009 0.027760513776672879
27 2011 2010 0.027010923535253251
27 2011 2011 0.029541530788413595
27 2011 2012 0.028404815650865334
27 2011 2013 0.02916047548291234
27 2011 2014 0.029485796476087733
27 2011 2015 0.029338989042064334
27 2011 2016 0.026876090750436288
27 2011 2017 0.026174256005736862
27 2011 2018 0.029056162246489881
28 2011 1967 0.0040983606557377051
28 2011 1978 0.0048192771084337354
28 2011 1987 0.0028129395218002805
28 2011 1990 0.003412969283276451
28 2011 1993 0.0038277511961722476
28 2011 1998 0.0023323615160349837
28 2011 1999 0.0019821605550049554
28 2011 2000 0.0021701388888888881
28 2011 2001 0.0019417475728155352
28 2011 2002 0.0024928774928774933
28 2011 2003 0.0025292443882390138
28 2011 2004 0.0043340075122796848
28 2011 2005 0.0036354193715917929
28 2011 2006 0.0033645758231194423
28 2011 2007 0.0053440213760855074
28 2011 2008 0.0056228373702422174
28 2011 2009 0.0064222084110213407
28 2011 2010 0.0067527308838133127
28 2011 2011 0.0078649530021101116
28 2011 2012 0.0071482317531978978
28 2011 2013 0.0066864784546805389
28 2011 2014 0.0059331175836030148
28 2011 2015 0.0054789678331565866
28 2011 2016 0.005584642233856893
28 2011 2017 0.0053782717820007181
28 2011 2018 0.0046801872074883066
29 2011 1994 0.00088809946714031975
29 2011 1997 0.0019518542615484711
29 2011 1999 0.0019821605550049554
29 2011 2000 0.002170138888888889
29 2011 2001 0.0019417475728155343
29 2011 2002 0.0014245014245014252
29 2011 2004 0.001733603004911875
29 2011 2005 0.0023370553103090105
29 2011 2006 0.0024032684450853176
29 2011 2007 0.001781340458695168
29 2011 2008 0.0025951557093425622
29 2011 2009 0.0024860161591050353
29 2011 2010 0.0029791459781529292
29 2011 2011 0.0030692499520429684
29 2011 2012 0.0028216704288939048
29 2011 2013 0.0027860326894502199
29 2011 2014 0.0028766630708378302
29 2011 2016 0.0022687609075043649
29 2011 2017 0.0021513087128002886
29 2011 2018 0.0019500780031201231
30 2011 1994 0.00088809946714031975
30 2011 2004 0.00028893383415197916
30 2011 2007 0.00044533511467379199
30 2011 2009 0.0002071680132587528
30 2011 2010 0.0011916583912611719
30 2011 2011 0.0013427968540187987
30 2011 2012 0.0011286681715575618
30 2011 2013 0.00092867756315007446
30 2011 2014 0.00053937432578209273
30 2011 2015 0.00070696359137504411
30 2011 2016 0.00052356020942408415
30 2011 2017 0.00053782717820007216
30 2011 2018 0.00039001560062402497
31 2011 1999 0.00049554013875123884
31 2011 2002 0
31 2011 2004 0.00028893383415197916
31 2011 2008 0.00021626297577854677
31 2011 2010 0
31 2011 2011 0.00057548436600805678
31 2011 2012 0.00037622272385252073
31 2011 2013 0.00018573551263001507
31 2011 2016 0.0001745200698080279
31 2011 2018 0.00039001560062402497
32 2011 2004 0.00057786766830395843
32 2011 2008 0.00064878892733564
32 2011 2010 0.00019860973187686205
32 2011 2011 0.00076731248801074231
32 2011 2012 0.00056433408577878088
32 2011 2013 0.0003714710252600297
32 2011 2015 0.00035348179568752205
32 2011 2016 0.00052356020942408415
32 2011 2017 0.00053782717820007129
33 2015 1966 0.0045045045045045045
33 2015 1978 0.0048192771084337354
33 2015 1979 0.0046948356807511738
33 2015 1983 0.0053003533568904589
33 2015 1989 0.0048780487804878057
33 2015 1990 0.0056882821387940832
33 2015 1992 0.0061412487205731829
33 2015 1993 0.005741626794258374
33 2015 1998 0.0040816326530612249
33 2015 1999 0.0049554013875123884
33 2015 2000 0.0060763888888888881
33 2015 2001 0.0058252427184466021
33 2015 2002 0.0060541310541310511
33 2015 2003 0.0047423332279481478
33 2015 2004 0.0037561398439757282
33 2015 2005 0.003895092183848356
33 2015 2006 0.004085556356645037
33 2015 2007 0.0046760187040748163
33 2015 2008 0.0051903114186851174
33 2015 2009 0.0053863683447275684
33 2015 2010 0.0057596822244289914
33 2015 2011 0.0057548436600805691
33 2015 2012 0.0062076749435665962
33 2015 2013 0.005757800891530454
33 2015 2014 0.0066522833513124879
33 2015 2015 0.0068928950159066749
33 2015 2016 0.0062827225130890063
33 2015 2017 0.0066332018644675583
33 2015 2018 0.0060452418096723914
34 2015 1985 0.0015625000000000001
34 2015 1997 0.0013012361743656472
34 2015 1998 0.0017492711370262395
34 2015 1999 0.0024777006937561942
34 2015 2000 0.0026041666666666661
34 2015 2002 0.0042735042735042739
34 2015 2003 0.0041100221308883952
34 2015 2004 0.00404507367812771
34 2015 2005 0.0036354193715917929
34 2015 2006 0.004085556356645037
34 2015 2007 0.0035626809173903359
34 2015 2008 0.004108996539792388
34 2015 2009 0.0043505282784338101
34 2015 2010 0.0043694141012909637
34 2015 2011 0.004987531172069827
34 2015 2012 0.0050790067720090301
34 2015 2013 0.0053863298662704326
34 2015 2014 0.0055735346997482921
34 2015 2015 0.0061859314245316377
34 2015 2016 0.005584642233856893
34 2015 2017 0.005736823234134103
34 2015 2018 0.0052652106084243311
35 2015 1959 0.007246376811594203
35 2015 1960 0.0066225165562913907
35 2015 1965 0.0092592592592592587
35 2015 1983 0.0053003533568904589
35 2015 1984 0.0066006600660066042
35 2015 1993 0.0066985645933014329
35 2015 1996 0.0066273932253313669
35 2015 1997 0.0084580351333767081
35 2015 1998 0.01049562682215744
35 2015 1999 0.012388503468780968
35 2015 2000 0.013020833333333329
35 2015 2001 0.013203883495145632
35 2015 2002 0.012820512820512817
35 2015 2003 0.012646221941195065
35 2015 2004 0.012713088702687086
35 2015 2005 0.012464294988314722
35 2015 2006 0.013217976447969237
35 2015 2007 0.013360053440213765
35 2015 2008 0.012759515570934243
35 2015 2009 0.013051584835301444
35 2015 2010 0.012909632571996038
35 2015 2011 0.012276999808171873
35 2015 2012 0.012791572610985708
35 2015 2013 0.013372956909361078
35 2015 2014 0.013484358144552344
35 2015 2015 0.01378579003181335
35 2015 2016 0.012914485165794076
35 2015 2017 0.013445679455001802
35 2015 2018 0.012285491419656791
36 2015 1999 0.00049554013875123884
36 2015 2003 0.00031615554852987672
36 2015 2004 0.00057786766830395832
36 2015 2005 0.00025967281225655679
36 2015 2008 0.00043252595155709333
36 2015 2009 0.0004143360265175056
36 2015 2011 0.00038365624400537104
36 2015 2014 0.00053937432578209273
36 2015 2015 0.00088370448921880557
36 2015 2016 0.00069808027923211162
36 2015 2018 0.00078003120124804995
37 2015 2000 0.00043402777777777775
37 2015 2003 0.00063231109705975345
37 2015 2005 0.00025967281225655679
37 2015 2006 0.00048065368901706318
37 2015 2007 0.00066800267201068799
37 2015 2011 0.00076731248801074252
37 2015 2014 0.00071916576770945711
37 2015 2015 0.00088370448921880514
37 2015 2016 0.00069808027923211162
37 2015 2017 0.00071710290426676201
37 2015 2018 0.00039001560062402497
38 2015 1982 0
38 2015 1996 0.00073637702503681884
38 2015 1998 0.00058309037900874635
38 2015 2001 0.00077669902912621365
38 2015 2002 0.002136752136752137
38 2015 2004 0.0023114706732158333
38 2015 2005 0.0025967281225655683
38 2015 2006 0.0024032684450853159
38 2015 2007 0.0020040080160320644
38 2015 2008 0.0021626297577854673
38 2015 2009 0.0020716801325875271
38 2015 2011 0.0021101093420295425
38 2015 2012 0.0022573363431151253
38 2015 2013 0.002414561664190195
38 2015 2014 0.0025170801869831005
38 2015 2015 0.0028278543655001764
38 2015 2016 0.0026178010471204216
38 2015 2017 0.0023305844388669741
38 2015 2018 0.0019500780031201231
39 2015 1979 0
39 2015 2002 0.00035612535612535614
39 2015 2006 0.00072098053352559477
39 2015 2009 0.00082867205303501141
39 2015 2010 0.00099304865938431002
39 2015 2012 0.0011286681715575618
39 2015 2013 0.0013001485884101037
39 2015 2014 0.0014383315354189142
39 2015 2015 0.0019441498762813722
39 2015 2016 0.0019197207678883065
39 2015 2017 0.001434205808533524
39 2015 2018 0.0017550702028081133
40 2015 2000 0.00086805555555555551
40 2015 2001 0.00038834951456310682
40 2015 2005 0.00051934562451311336
40 2015 2006 0.00048065368901706318
40 2015 2007 0.00066800267201068799
40 2015 2008 0.00086505190311418709
40 2015 2010 0.00099304865938431002
40 2015 2011 0.0013427968540187995
40 2015 2012 0.0015048908954100829
40 2015 2013 0.0013001485884101046
40 2015 2015 0.0015906680805938492
40 2015 2016 0.0013961605584642232
40 2015 2017 0.0012549300824668333
40 2015 2018 0.0011700468018720749
41 2013 1977 0.0025316455696202532
41 2013 1979 0.0046948356807511738
41 2013 1992 0.0030706243602865915
41 2013 1994 0.003552397868561279
41 2013 1996 0.0036818851251840933
41 2013 1997 0.003903708523096943
41 2013 1998 0.0046647230320699708
41 2013 1999 0.0049554013875123884
41 2013 2000 0.0043402777777777762
41 2013 2001 0.004271844660194174
41 2013 2003 0.0037938665823585224
41 2013 2004 0.00404507367812771
41 2013 2005 0.0041547649961049052
41 2013 2006 0.0048065368901706318
41 2013 2007 0.0044533511467379217
41 2013 2008 0.0034602076124567518
41 2013 2009 0.0037290242386575495
41 2013 2010 0.0031777557100297893
41 2013 2011 0.0034529061960483359
41 2013 2012 0.003950338600451464
41 2013 2013 0.0050148588410103973
41 2013 2014 0.0044947860481841101
41 2013 2015 0.0033580770590314613
41 2013 2016 0.0031413612565445032
41 2013 2017 0.0025098601649336666
41 2013 2018 0.0027301092043681696
42 2013 1999 0.00099108027750247768
42 2013 2001 0.0011650485436893203
42 2013 2005 0.0012983640612827837
42 2013 2007 0.00089067022934758442
42 2013 2008 0.00086505190311418709
42 2013 2009 0.0010358400662937644
42 2013 2010 0.0011916583912611719
42 2013 2011 0.0011509687320161131
42 2013 2013 0.0014858841010401188
42 2013 2015 0.0012371862849063272
42 2013 2016 0.00052356020942408328
42 2013 2017 0.00035855145213338144
43 2013 1981 0
43 2013 2003 0.00031615554852987672
43 2013 2004 0.00057786766830395843
43 2013 2007 0.0006680026720106881
43 2013 2008 0.00064878892733564032
43 2013 2009 0.0006215040397762584
43 2013 2011 0.00076731248801074252
43 2013 2013 0.00092867756315007446
43 2013 2014 0.0008989572096368215
43 2013 2016 0.00069808027923211162
43 2013 2017 0.00053782717820007129
44 2013 2000 0.00043402777777777775
44 2013 2003 0.00031615554852987672
44 2013 2007 0.000222667557336896
44 2013 2008 0
44 2013 2012 0.0005643340857787811
44 2013 2013 0.0007429420505200594
44 2013 2015 0.00053022269353128308
44 2013 2016 0.00052356020942408371
44 2013 2018 0.00039001560062402497
45 2006 1959 0
45 2006 1978 0.0024096385542168677
45 2006 1990 0.0022753128555176336
45 2006 1993 0.002870813397129187
45 2006 1994 0.0044404973357015983
45 2006 1995 0.0048820179007323036
45 2006 1996 0.0066273932253313704
45 2006 1997 0.0078074170461938826
45 2006 1998 0.0087463556851311922
45 2006 1999 0.010406342913776012
45 2006 2000 0.010416666666666664
45 2006 2001 0.011262135922330101
45 2006 2002 0.010683760683760687
45 2006 2003 0.012330066392665193
45 2006 2004 0.013002022536839061
45 2006 2005 0.012723967800571279
45 2006 2006 0.013217976447969251
45 2006 2007 0.012692050768203067
45 2006 2008 0.011245674740484435
45 2006 2009 0.010772736689455137
45 2006 2010 0.0097318768619662488
45 2006 2011 0.0088240936121235236
45 2006 2012 0.0082768999247554431
45 2006 2013 0.0087295690936106951
45 2006 2014 0.0084501977705861153
45 2006 2015 0.008306822198656777
45 2006 2016 0.0095986038394415274
45 2006 2017 0.010039440659734666
45 2006 2018 0.0087753510140405611
46 2006 1992 0.0020470829068577278
46 2006 1994 0.0026642984014209592
46 2006 1995 0.0032546786004882021
46 2006 1998 0.0023323615160349854
46 2006 2001 0.0023300970873786405
46 2006 2002 0.0017806267806267807
46 2006 2003 0.0022130888397091358
46 2006 2004 0.0028893383415197933
46 2006 2006 0.0033645758231194423
46 2006 2007 0.0028946782453796484
46 2006 2008 0.0030276816608996553
46 2006 2010 0.0031777557100297893
46 2006 2011 0.0030692499520429684
46 2006 2012 0.0031978931527464269
46 2006 2013 0.0027860326894502199
46 2006 2014 0.0026968716289104619
46 2006 2015 0.0024743725698126579
46 2006 2016 0.0026178010471204216
46 2006 2017 0.0028684116170670515
46 2006 2018 0.0023400936037441533
47 2006 1986 0.0014684287812041115
47 2006 1997 0.0013012361743656475
47 2006 2000 0.0013020833333333335
47 2006 2005 0.0015580368735393403
47 2006 2006 0.0016822879115597211
47 2006 2007 0.0011133377866844804
47 2006 2008 0.00086505190311418623
47 2006 2009 0.00082867205303501119
47 2006 2012 0.00094055680963130162
47 2006 2013 0.0011144130757800887
47 2006 2014 0.0012585400934915503
47 2006 2015 0.0010604453870625662
47 2006 2016 0.0012216404886561966
47 2006 2017 0.00089637863033345186
47 2006 2018 0.0011700468018720767
48 2006 1999 0.00049554013875123884
48 2006 2003 0.00063231109705975345
48 2006 2006 0.00072098053352559477
48 2006 2007 0.00066800267201068799
48 2006 2009 0.0006215040397762584
48 2006 2011 0.00038365624400537104
48 2006 2012 0.00018811136192626015
48 2006 2013 0.00037147102526003013
48 2006 2015 0.00035348179568752205
48 2006 2018 0.00019500780031201249
49 2006 1994 0
49 2006 1995 0.00081366965012205042
49 2006 1998 0.0011661807580174927
49 2006 2001 0.0011650485436893203
49 2006 2002 0.00071225071225071218
49 2006 2004 0.00086680150245593791
49 2006 2006 0.0014419610670511895
49 2006 2007 0.00044533511467379199
49 2006 2013 0.00055720653789004433
49 2006 2018 0.00019500780031201249
50 1986 1952 0.037735849056603772
50 1986 1956 0.029411764705882353
50 1986 1964 0.01970443349753695
50 1986 1967 0.024590163934426229
50 1986 1971 0.02295081967213114
50 1986 1974 0.026086956521739119
50 1986 1978 0.026506024096385555
50 1986 1980 0.029017857142857151
50 1986 1981 0.030364372469635637
50 1986 1982 0.035580524344569264
50 1986 1983 0.037102473498233202
50 1986 1984 0.036303630363036299
50 1986 1985 0.035937500000000011
50 1986 1986 0.039647577092510988
50 1986 1987 0.036568213783403636
50 1986 1988 0.032808398950131268
50 1986 1989 0.030487804878048808
50 1986 1990 0.028441410693970437
50 1986 1992 0.02763561924257929
50 1986 1993 0.023923444976076569
50 1986 1994 0.025754884547069312
50 1986 1995 0.026851098454027666
50 1986 1997 0.022121014964216035
50 1986 1998 0.020408163265306145
50 1986 1999 0.018334985133795834
50 1986 2000 0.01605902777777779
50 1986 2001 0.014757281553398061
50 1986 2002 0.014601139601139623
50 1986 2003 0.013910844135314626
50 1986 2004 0.013579890205143053
50 1986 2005 0.012723967800571279
50 1986 2006 0.012016342225426579
50 1986 2007 0.012024048096192397
50 1986 2008 0.011245674740484435
50 1986 2009 0.010772736689455109
50 1986 2010 0.010526315789473717
50 1986 2011 0.010550546710147657
50 1986 2012 0.0097817908201655035
50 1986 2013 0.008358098068350639
50 1986 2014 0.0073714491190219888
50 1986 2015 0.0075998586072817398
50 1986 2016 0.0076788830715531775
50 1986 2017 0.0078881319469343847
50 1986 2018 0.0060452418096723637
51 1986 1952 0.018867924528301886
51 1986 1964 0.0098522167487684713
51 1986 1974 0.0086956521739130418
51 1986 1978 0.009638554216867469
51 1986 1980 0.015625
51 1986 1981 0.020242914979757082
51 1986 1982 0.024344569288389517
51 1986 1983 0.024734982332155472
51 1986 1984 0.024752475247524747
51 1986 1985 0.0234375
51 1986 1986 0.024963289280469897
51 1986 1987 0.022503516174402244
51 1986 1988 0.019685039370078733
51 1986 1992 0.016376663254861812
51 1986 1993 0.015311004784688997
51 1986 1994 0.015097690941385411
51 1986 1995 0.015459723352318933
51 1986 1997 0.013012361743656498
51 1986 1998 0.011661807580174932
51 1986 2000 0.0082465277777777901
51 1986 2001 0.0073786407766990303
51 1986 2002 0.0071225071225071157
51 1986 2003 0.0069554220676573131
51 1986 2004 0.0069344120196475068
51 1986 2005 0.0067514931186704596
51 1986 2006 0.0060081711127132897
51 1986 2007 0.0057893564907592898
51 1986 2008 0.0051903114186851451
51 1986 2009 0.0047648643049513217
51 1986 2010 0.0053624627606752573
51 1986 2011 0.0053711874160751738
51 1986 2012 0.0050790067720090093
51 1986 2013 0.0042719167904903266
51 1986 2014 0.0041352031643293596
51 1986 2015 0.0044185224460940309
51 1986 2016 0.0036649214659685847
51 1986 2017 0.0034062387952671358
51 1986 2018 0.0027301092043681696
52 1999 1987 0.0014064697609001407
52 1999 1989 0.0024390243902439024
52 1999 1991 0.0043572984749455333
52 1999 1992 0.0061412487205731829
52 1999 1993 0.0066985645933014364
52 1999 1994 0.007104795737122558
52 1999 1995 0.0081366965012205049
52 1999 1996 0.0095729013254786458
52 1999 1997 0.010409889394925181
52 1999 1998 0.0099125364431486909
52 1999 1999 0.010901883052527261
52 1999 2001 0.0089320388349514585
52 1999 2003 0.0079038887132469177
52 1999 2004 0.0080901473562554199
52 1999 2005 0.0075305115554401419
52 1999 2006 0.0069694784907474161
52 1999 2007 0.0066800267201068825
52 1999 2008 0.0064878892733564036
52 1999 2009 0.0060078723845038429
52 1999 2010 0.0061569016881827254
52 1999 2011 0.0055630155380778923
52 1999 2012 0.0058314522197140672
52 1999 2013 0.0057578008915304679
52 1999 2014 0.0053937432578209377
52 1999 2015 0.0056557087310003529
52 1999 2016 0.0059336823734729427
52 1999 2017 0.0053782717820007042
52 1999 2018 0.0046801872074883066
53 1999 1990 0.0011376564277588168
53 1999 1991 0
53 1999 1996 0.00073637702503681884
53 1999 1997 0.00065061808718282362
53 1999 1999 0.0014866204162537161
53 1999 2000 0.00086805555555555594
53 1999 2001 0.00038834951456310704
53 1999 2004 0.00057786766830395832
53 1999 2005 0.00077901843676967016
53 1999 2006 0.00072098053352559477
53 1999 2007 0.00089067022934758398
53 1999 2010 0.00099304865938430915
53 1999 2014 0.00089895720963682063
53 1999 2015 0.0010604453870625662
53 1999 2016 0.0010471204188481683
53 1999 2017 0.00089637863033345359
53 1999 2018 0.00039001560062402497
54 1999 1983 0.0017667844522968198
54 1999 1996 0.0029455081001472758
54 1999 1998 0.0023323615160349854
54 1999 1999 0.002973240832507433
54 1999 2000 0.0021701388888888881
54 1999 2002 0.0021367521367521361
54 1999 2003 0.0022130888397091375
54 1999 2004 0.0026004045073678116
54 1999 2005 0.0020773824980524526
54 1999 2006 0.0021629416005767843
54 1999 2007 0.0022266755733689608
54 1999 2008 0.001946366782006919
54 1999 2009 0.0020716801325875271
54 1999 2010 0.0019860973187686218
54 1999 2012 0.0018811136192626032
54 1999 2013 0.0020430906389301631
54 1999 2014 0.0021574973031283709
54 1999 2015 0.0021208907741251323
54 1999 2016 0.0022687609075043649
54 1999 2017 0.0025098601649336666
54 1999 2018 0.0021450858034321382
55 1999 1988 0.0013123359580052493
55 1999 1998 0.0011661807580174927
55 1999 1999 0.0014866204162537165
55 1999 2003 0.0012646221941195069
55 1999 2004 0.0011557353366079166
55 1999 2007 0.00066800267201068842
55 1999 2010 0.00079443892750744732
55 1999 2011 0.00057548436600805657
55 1999 2012 0.0007524454477050406
55 1999 2013 0.00055720653789004433
55 1999 2014 0.00035958288385472791
55 1999 2015 0.00070696359137504411
55 1999 2016 0.00069808027923211162
55 1999 2017 0.00089637863033345359
55 1999 2018 0.0009750390015600633
56 1999 1996 0.00073637702503681884
56 1999 1999 0.00099108027750247768
56 1999 2004 0.00086680150245593748
56 1999 2007 0.00066800267201068799
56 1999 2009 0.00082867205303501163
56 1999 2010 0.00059582919563058636
56 1999 2011 0.00057548436600805657
56 1999 2012 0.00056433408577878132
56 1999 2013 0.0007429420505200594
56 1999 2016 0.00087260034904013996
56 1999 2018 0.00097503900156006244
57 1999 1981 0
57 1999 1997 0.00065061808718282373
57 1999 1999 0.0014866204162537165
57 1999 2001 0.0011650485436893203
57 1999 2002 0.00071225071225071261
57 1999 2005 0.00077901843676967016
57 1999 2006 0.00072098053352559477
57 1999 2009 0.0004143360265175056
57 1999 2011 0.00057548436600805657
57 1999 2012 0.00075244544770504147
57 1999 2013 0.0007429420505200594
57 1999 2015 0.00070696359137504411
57 1999 2016 0.00052356020942408328
57 1999 2017 0.00053782717820007216
57 1999 2018 0.00078003120124804995
58 2009 1984 0.0016501650165016502
58 2009 1996 0.0014727540500736377
58 2009 1997 0.0019518542615484706
58 2009 1999 0.0019821605550049554
58 2009 2000 0.0017361111111111119
58 2009 2001 0.0019417475728155335
58 2009 2002 0.0035612535612535613
58 2009 2003 0.0025292443882390155
58 2009 2004 0.0037561398439757282
58 2009 2005 0.0033757465593352368
58 2009 2006 0.0048065368901706318
58 2009 2007 0.0046760187040748163
58 2009 2008 0.0045415224913494812
58 2009 2009 0.0049720323182100706
58 2009 2010 0.0045680238331678238
58 2009 2011 0.0047957030500671433
58 2009 2012 0.0047027840481565081
58 2009 2013 0.0046433878157503689
58 2009 2014 0.0039554117224020191
58 2009 2015 0.0038882997525627461
58 2009 2016 0.0034904013961605529
58 2009 2017 0.0032269630692004364
58 2009 2018 0.0031201248049921998
59 2009 2005 0.00025967281225655674
59 2009 2006 0.00048065368901706323
59 2009 2007 0.0006680026720106882
59 2009 2008 0.00086505190311418666
59 2009 2009 0.00145017609281127
59 2009 2010 0.0011916583912611719
59 2009 2011 0.001150968732016114
59 2009 2012 0.0013167795334838219
59 2009 2013 0.00092867756315007446
59 2009 2014 0.00071916576770945755
59 2009 2015 0.00053022269353128308
59 2009 2017 0.00053782717820007216
59 2009 2018 0.00039001560062402497
60 2009 1999 0.00049554013875123884
60 2009 2001 0.0011650485436893205
60 2009 2002 0.0014245014245014246
60 2009 2003 0.0018969332911792599
60 2009 2004 0.0023114706732158341
60 2009 2005 0.0023370553103090105
60 2009 2006 0.0033645758231194423
60 2009 2007 0.0042306835894010235
60 2009 2008 0.004108996539792388
60 2009 2009 0.0049720323182100672
60 2009 2010 0.0043694141012909637
60 2009 2011 0.0040283905620563977
60 2009 2012 0.003950338600451464
60 2009 2013 0.0039004457652303121
60 2009 2014 0.0035958288385472825
60 2009 2015 0.0037115588547189798
60 2009 2016 0.0036649214659685847
60 2009 2017 0.0034062387952671219
60 2009 2018 0.0029251170046801847
61 2009 1967 0.0040983606557377051
61 2009 1981 0.0040485829959514179
61 2009 1982 0.0018726591760299619
61 2009 1989 0.0024390243902439029
61 2009 1997 0.0045543266102797651
61 2009 1998 0.0040816326530612249
61 2009 1999 0.0044598612487611496
61 2009 2000 0.0043402777777777762
61 2009 2001 0.0046601941747572845
61 2009 2002 0.0049857549857549865
61 2009 2003 0.0047423332279481478
61 2009 2004 0.0049118751805836483
61 2009 2005 0.0046741106206180175
61 2009 2006 0.0055275174236962266
61 2009 2007 0.0057893564907593037
61 2009 2008 0.0054065743944636674
61 2009 2009 0.0064222084110213407
61 2009 2010 0.0061569016881827254
61 2009 2011 0.0059466717820832599
61 2009 2012 0.0060195635816403248
61 2009 2013 0.0055720653789004398
61 2009 2014 0.0048543689320388328
61 2009 2015 0.0045952633439377832
61 2009 2016 0.0048865619546247796
61 2009 2017 0.0048404446038006477
61 2009 2018 0.0040951638065522683
62 2004 1996 0.0022091310751104565
62 2004 1997 0.0026024723487312945
62 2004 1999 0.0014866204162537165
62 2004 2000 0.0021701388888888881
62 2004 2001 0.0027184466019417475
62 2004 2002 0.0028490028490028487
62 2004 2004 0.0031782721756717716
62 2004 2005 0.0023370553103090087
62 2004 2006 0.0016822879115597211
62 2004 2007 0.0020040080160320627
62 2004 2008 0.001946366782006919
62 2004 2010 0.0019860973187686183
62 2004 2011 0.0017264530980241714
62 2004 2012 0.0018811136192626032
62 2004 2013 0.0020430906389301631
62 2004 2014 0.0017979144192736413
62 2004 2015 0.0022976316719688916
62 2004 2016 0.0017452006980802764
62 2004 2017 0.0012549300824668333
62 2004 2018 0.0013650546021840848
63 2004 1998 0.00058309037900874635
63 2004 1999 0.00049554013875123884
63 2004 2000 0.00086805555555555551
63 2004 2003 0.00094846664558963017
63 2004 2004 0.0011557353366079171
63 2004 2005 0.00051934562451311315
63 2004 2006 0.00072098053352559477
63 2004 2009 0.0004143360265175056
63 2004 2010 0.00059582919563058549
63 2004 2011 0.00057548436600805657
63 2004 2014 0.00053937432578209273
63 2004 2018 0.00039001560062402497
64 2004 2000 0.0013020833333333333
64 2004 2001 0.0015533980582524271
64 2004 2002 0.0017806267806267807
64 2004 2003 0.0022130888397091375
64 2004 2004 0.0023114706732158333
64 2004 2005 0.0018177096857958965
64 2004 2006 0.0019226147560682527
64 2004 2007 0.001781340458695168
64 2004 2008 0.0015138408304498276
64 2004 2009 0.00145017609281127
64 2004 2010 0.001191658391261171
64 2004 2011 0.0015346249760214842
64 2004 2012 0.00094055680963130162
64 2004 2013 0.00055720653789004607
64 2004 2015 0.00070696359137504411
64 2004 2018 0.00058502340093603833
65 1988 1988 0.0013123359580052493
65 1988 1997 0.0013012361743656477
65 1988 1998 0.0011661807580174927
65 1988 2000 0.00086805555555555507
65 1988 2002 0.00071225071225071261
65 1988 2003 0.00063231109705975345
65 1988 2007 0.00066800267201068842
65 1988 2008 0.00064878892733563967
65 1988 2009 0.00082867205303501119
65 1988 2013 0.00074294205052005853
65 1988 2014 0.00035958288385472791
65 1988 2015 0.00035348179568752205
65 1988 2017 0.00017927572606669072
66 1988 1961 0.0058479532163742687
66 1988 1976 0.0027027027027027029
66 1988 1977 0.0050632911392405056
66 1988 1983 0.0053003533568904589
66 1988 1985 0.0062500000000000021
66 1988 1988 0.0065616797900262466
66 1988 1990 0.0056882821387940832
66 1988 1992 0.004094165813715453
66 1988 2002 0.0017806267806267789
66 1988 2003 0.0015807777426493849
66 1988 2004 0.0023114706732158333
66 1988 2005 0.0018177096857958999
66 1988 2006 0.0021629416005767843
66 1988 2007 0.0022266755733689608
66 1988 2008 0.0019463667820069225
66 1988 2009 0.0020716801325875306
66 1988 2010 0.0019860973187686218
66 1988 2011 0.001726453098024168
66 1988 2012 0.0011286681715575592
66 1988 2013 0.0014858841010401205
66 1988 2014 0.001618122977346273
66 1988 2015 0.0015906680805938544
66 1988 2016 0.0015706806282722446
66 1988 2017 0.00071710290426675594
66 1988 2018 0.00078003120124804648
67 1988 1988 0.0013123359580052493
67 1988 2000 0
67 1988 2010 0.00019860973187686205
67 1988 2014 0.00035958288385472856
67 1988 2015 0.00088370448921880514
67 1988 2016 0.00069808027923211162
67 1988 2017 0.0010756543564001434
67 1988 2018 0.0011700468018720749
68 1988 1988 0.0013123359580052493
68 1988 1989 0.0012195121951219514
68 1988 1994 0.00088809946714031975
68 1988 2000 0.00086805555555555551
68 1988 2002 0.00035612535612535631
68 1988 2006 0.00048065368901706318
68 1988 2007 0.00066800267201068842
68 1988 2008 0.00043252595155709311
68 1988 2010 0.00039721946375372366
68 1988 2011 0.00057548436600805657
68 1988 2012 0.0003762227238525203
68 1988 2014 0.00035958288385472877
68 1988 2016 0
68 1988 2017 0
69 1992 1982 0.0018726591760299626
69 1992 1989 0.002439024390243902
69 1992 1992 0.0051177072671443197
69 1992 1996 0.004418262150220913
69 1992 1997 0.0045543266102797669
69 1992 2002 0.0024928774928774933
69 1992 2003 0.0018969332911792612
69 1992 2004 0.0017336030049118767
69 1992 2005 0.0018177096857958965
69 1992 2006 0.0016822879115597211
69 1992 2007 0.0015586729013582733
69 1992 2008 0.0017301038062283759
69 1992 2009 0.00145017609281127
69 1992 2010 0.0017874875868917547
69 1992 2012 0.0016930022573363457
69 1992 2013 0.0014858841010401205
69 1992 2014 0.0016181229773462799
69 1992 2015 0.0015906680805938475
69 1992 2016 0.0013961605584642267
69 1992 2017 0.00089637863033345533
69 1992 2018 0.00097503900156006157
70 1992 1982 0.0018726591760299626
70 1992 1992 0.0020470829068577273
70 1992 1999 0.00099108027750247768
70 1992 2001 0.00038834951456310704
70 1992 2003 0.00063231109705975345
70 1992 2005 0.00077901843676967016
70 1992 2006 0.00024032684450853159
70 1992 2007 0.00022266755733689643
70 1992 2008 0.00043252595155709311
70 1992 2009 0.0004143360265175056
70 1992 2010 0.00039721946375372366
70 1992 2012 0.00056433408577878132
70 1992 2013 0.00037147102526003013
70 1992 2014 0.0010787486515641855
70 1992 2016 0.0013961605584642232
70 1992 2017 0.0016134815346002147
70 1992 2018 0.00078003120124804995
71 1996 1981 0.0020242914979757085
71 1996 1988 0.003937007874015748
71 1996 1989 0.004878048780487804
71 1996 1991 0.0054466230936819175
71 1996 1992 0.0061412487205731829
71 1996 1993 0.0095693779904306199
71 1996 1995 0.0089503661513425578
71 1996 1996 0.0095729013254786458
71 1996 1997 0.0084580351333767081
71 1996 1998 0.0093294460641399485
71 1996 2000 0.0082465277777777762
71 1996 2001 0.0085436893203883479
71 1996 2002 0.0085470085470085444
71 1996 2003 0.00885235535883655
71 1996 2004 0.0075122796879514564
71 1996 2005 0.0072708387431835858
71 1996 2006 0.0064888248017303529
71 1996 2007 0.0057893564907592898
71 1996 2008 0.0062716262975778536
71 1996 2009 0.0064222084110213407
71 1996 2010 0.0057596822244289914
71 1996 2011 0.0051793592940725108
71 1996 2012 0.0056433408577878097
71 1996 2013 0.0044576523031203685
71 1996 2014 0.0039554117224020191
71 1996 2015 0.0042417815482502785
71 1996 2016 0.0050610820244328114
71 1996 2017 0.0044818931516672766
71 1996 2018 0.0039001560062402463
72 1996 1971 0.0065573770491803279
72 1996 1981 0.0060728744939271256
72 1996 1985 0.0046875000000000007
72 1996 1987 0.005625879043600561
72 1996 1988 0.0065616797900262466
72 1996 1989 0.0073170731707317069
72 1996 1990 0.0056882821387940832
72 1996 1991 0.0065359477124182982
72 1996 1995 0.0065093572009764025
72 1996 1996 0.0081001472754050063
72 1996 1997 0.007156798959011057
72 1996 1998 0.0064139941690962154
72 1996 1999 0.0074331020812685861
72 1996 2000 0.0052083333333333287
72 1996 2001 0.0046601941747572845
72 1996 2002 0.0042735042735042722
72 1996 2003 0.0037938665823585155
72 1996 2004 0.0034672060098237534
72 1996 2005 0.0031160737470786876
72 1996 2006 0.0028839221341023791
72 1996 2007 0.0026720106880427502
72 1996 2008 0.0023788927335640087
72 1996 2009 0.0022788481458462795
72 1996 2010 0.0019860973187686148
72 1996 2011 0.0013427968540187935
72 1996 2012 0.00094055680963130162
72 1996 2013 0.00092867756315007099
72 1996 2014 0.0010787486515641959
72 1996 2015 0.00088370448921881728
72 1996 2017 0.00089637863033345533
72 1996 2018 0.00097503900156006851
73 1996 1994 0.0017761989342806395
73 1996 1995 0.0016273393002441006
73 1996 1996 0.0022091310751104565
73 1996 2004 0.00057786766830395832
73 1996 2006 0.00072098053352559477
73 1996 2007 0.00089067022934758398
73 1996 2008 0.0010813148788927328
73 1996 2010 0.00079443892750744732
73 1996 2011 0.00076731248801074209
73 1996 2012 0.00094055680963130162
73 1996 2013 0.00074294205052006027
73 1996 2014 0.00071916576770945755
73 1996 2015 0.00053022269353128308
73 1996 2016 0.00052356020942408328
73 1996 2017 0.00035855145213338144
73 1996 2018 0.00019500780031201335
74 1996 1990 0.0011376564277588168
74 1996 1991 0.0021786492374727667
74 1996 1993 0.002870813397129187
74 1996 1996 0.0029455081001472753
74 1996 1998 0.0017492711370262395
74 1996 2001 0.0019417475728155335
74 1996 2002 0.0017806267806267807
74 1996 2003 0.0022130888397091358
74 1996 2005 0.0018177096857958965
74 1996 2007 0.0011133377866844804
74 1996 2010 0.00079443892750744732
74 1996 2011 0.0005754843660080583
74 1996 2013 0.0003714710252600284
74 1996 2014 0.00053937432578209446
74 1996 2015 0.00035348179568752205
74 1996 2016 0.00052356020942408502
74 1996 2017 0.00089637863033345186
74 1996 2018 0.00039001560062402671
75 1996 1989 0.0012195121951219512
75 1996 1996 0.0014727540500736379
75 1996 1999 0.00099108027750247768
75 1996 2000 0.00043402777777777797
75 1996 2001 0.00077669902912621321
75 1996 2005 0.00051934562451311315
75 1996 2006 0.00048065368901706318
75 1996 2007 0.00022266755733689643
75 1996 2009 0.00020716801325875323
75 1996 2012 0.00018811136192626015
75 1996 2014 0.00017979144192736395
75 1996 2016 0
75 1996 2017 0.00017927572606669072
75 1996 2018 0
76 1996 1981 0.0020242914979757085
76 1996 1989 0.0024390243902439029
76 1996 1991 0.0032679738562091509
76 1996 1994 0.003552397868561279
76 1996 1996 0.0044182621502209113
76 1996 1998 0.0040816326530612249
76 1996 2000 0.00390625
76 1996 2001 0.0038834951456310669
76 1996 2002 0.0039173789173789185
76 1996 2003 0.0037938665823585224
76 1996 2004 0.0031782721756717716
76 1996 2005 0.0033757465593352368
76 1996 2006 0.0031242489786109107
76 1996 2008 0.0030276816608996518
76 1996 2009 0.0026931841723637842
76 1996 2010 0.002581926514399209
76 1996 2011 0.0024937655860349101
76 1996 2012 0.0024454477050413828
76 1996 2014 0.0021574973031283709
76 1996 2015 0.001944149876281373
76 1996 2016 0.0013961605584642267
76 1996 2017 0.0014342058085335258
76 1996 2018 0.0015600624024961068
77 1982 1969 0.0036900369003690036
77 1982 1973 0.0061538461538461538
77 1982 1974 0.0057971014492753624
77 1982 1978 0.0072289156626506035
77 1982 1980 0.0089285714285714281
77 1982 1982 0.0093632958801498148
77 1982 1986 0.0088105726872246687
77 1982 1990 0.0079635949943117137
77 1982 1993 0.0057416267942583671
77 1982 1995 0.0056956875508543531
77 1982 1996 0.0044182621502209113
77 1982 1999 0.0039643211100099107
77 1982 2000 0.0034722222222222238
77 1982 2001 0.0034951456310679668
77 1982 2002 0.0028490028490028435
77 1982 2003 0.0031615554852987698
77 1982 2004 0.0028893383415197899
77 1982 2005 0.0031160737470786876
77 1982 2006 0.0026435952895938475
77 1982 2007 0.0035626809173903429
77 1982 2008 0.0025951557093425587
77 1982 2009 0.0022788481458462795
77 1982 2010 0.0019860973187686148
77 1982 2011 0.0019182812200268518
77 1982 2012 0.0020692249811888608
77 1982 2013 0.0016716196136701278
77 1982 2014 0.0012585400934915503
77 1982 2015 0.0015906680805938544
77 1982 2016 0.0012216404886561949
77 1982 2017 0.0010756543564001408
78 1982 1970 0.0035460992907801418
78 1982 1973 0.0061538461538461538
78 1982 1974 0.0086956521739130418
78 1982 1980 0.0089285714285714281
78 1982 1982 0.0093632958801498113
78 1982 1990 0.004550625711035268
78 1982 1996 0.0051546391752577345
78 1982 1997 0.0065061808718282349
78 1982 1999 0.0054509415262636307
78 1982 2000 0.0060763888888888951
78 1982 2001 0.0062135922330097126
78 1982 2002 0.0060541310541310511
78 1982 2003 0.0053746443250079073
78 1982 2004 0.0049118751805836414
78 1982 2005 0.0049337834328745805
78 1982 2006 0.0045662100456621002
78 1982 2007 0.004230683589401027
78 1982 2008 0.0043252595155709311
78 1982 2009 0.0043505282784338101
78 1982 2010 0.0043694141012909637
78 1982 2011 0.0047957030500671433
78 1982 2012 0.0054552294958615521
78 1982 2013 0.005757800891530454
78 1982 2014 0.0057533261416756465
78 1982 2015 0.0053022269353128204
78 1982 2016 0.0057591623036649109
78 1982 2017 0.0051989960559340187
78 1982 2018 0.0048751950078003148
79 2005 1966 0.0045045045045045045
79 2005 1975 0.0054495912806539508
79 2005 1980 0.0066964285714285719
79 2005 1984 0.0049504950495049514
79 2005 1986 0.0058737151248164469
79 2005 1987 0.0070323488045006995
79 2005 1988 0.0065616797900262466
79 2005 1991 0.0065359477124182982
79 2005 1992 0.0071647901740020462
79 2005 1994 0.0079928952042628773
79 2005 1995 0.0081366965012205084
79 2005 1996 0.0088365243004418226
79 2005 1998 0.0093294460641399346
79 2005 1999 0.0084241823587710568
79 2005 2000 0.0086805555555555525
79 2005 2001 0.0097087378640776656
79 2005 2002 0.010327635327635323
79 2005 2003 0.011697755295605433
79 2005 2004 0.012424154868535098
79 2005 2005 0.012723967800571279
79 2005 2006 0.012256669069935111
79 2005 2007 0.01157871298151858
79 2005 2008 0.010380622837370235
79 2005 2009 0.0099440646364201413
79 2005 2010 0.010129096325719955
79 2005 2011 0.0088240936121235236
79 2005 2012 0.008653122648607986
79 2005 2013 0.0079866270430906383
79 2005 2014 0.0079108234448040382
79 2005 2015 0.0072463768115941796
79 2005 2016 0.0071553228621291654
79 2005 2017 0.0062746504123341595
79 2005 2018 0.0056552262090483474
80 2005 1982 0
80 2005 1990 0.0011376564277588168
80 2005 1993 0.0019138755980861245
80 2005 1996 0.0022091310751104561
80 2005 1997 0.0026024723487312953
80 2005 1998 0.0040816326530612249
80 2005 1999 0.0049554013875123867
80 2005 2000 0.0060763888888888881
80 2005 2001 0.0062135922330097092
80 2005 2002 0.0071225071225071192
80 2005 2003 0.0085361998103066702
80 2005 2004 0.0083790811904073947
80 2005 2005 0.0088288756167229296
80 2005 2006 0.0076904590242730109
80 2005 2007 0.0064573591627699878
80 2005 2008 0.0069204152249134898
80 2005 2009 0.0066293764242800896
80 2005 2010 0.0069513406156901658
80 2005 2011 0.0072894686361020533
80 2005 2012 0.0065838976674191113
80 2005 2013 0.0063150074294205105
80 2005 2014 0.0053937432578209238
80 2005 2015 0.0056557087310003529
80 2005 2016 0.005410122164048875
80 2005 2017 0.0059160989602007885
80 2005 2018 0.0056552262090483751
81 2005 1997 0.00065061808718282373
81 2005 2000 0.00086805555555555562
81 2005 2003 0.00063231109705975345
81 2005 2004 0.00086680150245593748
81 2005 2005 0.0010386912490262267
81 2005 2006 0.00096130737803412636
81 2005 2007 0.00066800267201068842
81 2005 2008 0.00021626297577854656
81 2005 2009 0.00062150403977625883
81 2005 2011 0.00076731248801074209
81 2005 2012 0.00056433408577878045
81 2005 2014 0.00071916576770945755
81 2005 2015 0.00070696359137504411
81 2005 2016 0.00087260034904013996
81 2005 2017 0.00071710290426676288
81 2005 2018 0.00078003120124804995
82 2005 1998 0
82 2005 2002 0.0010683760683760685
82 2005 2005 0.0012983640612827837
82 2005 2006 0.00096130737803412636
82 2005 2007 0.0011133377866844804
82 2005 2008 0.00021626297577854656
82 2005 2009 0.0004143360265175056
82 2005 2010 0.00059582919563058636
82 2005 2011 0.00076731248801074209
82 2005 2012 0.00094055680963130162
82 2005 2013 0.0011144130757800887
82 2005 2014 0.00089895720963682063
82 2005 2015 0.00088370448921880514
82 2005 2016 0.00087260034904013996
82 2005 2017 0.00071710290426676288
82 2005 2018 0.00039001560062402497
83 2005 1998 0
83 2005 1999 0.00049554013875123884
83 2005 2003 0.00063231109705975345
83 2005 2005 0.00077901843676967016
83 2005 2007 0.00044533511467379199
83 2005 2008 0.00043252595155709355
83 2005 2010 0.00059582919563058593
83 2005 2011 0.00057548436600805657
83 2005 2013 0.0007429420505200594
83 2005 2016 0.00034904013961605581
83 2005 2017 0.00017927572606669072
84 2005 1992 0
84 2005 2003 0.00031615554852987672
84 2005 2005 0.00051934562451311347
84 2005 2006 0
84 2005 2008 0
84 2005 2010 0.00019860973187686194
84 2005 2013 0
84 2005 2017 0.0001792757260666905
84 2005 2018 0
85 1983 1958 0
85 1983 1960 0
85 1983 1967 0.0040983606557377051
85 1983 1974 0.0028985507246376812
85 1983 1978 0.0024096385542168681
85 1983 1983 0.0053003533568904589
85 1983 1999 0.0019821605550049554
85 1983 2001 0.0023300970873786422
85 1983 2003 0.0025292443882390138
85 1983 2004 0.0026004045073678116
85 1983 2005 0.0028564009348221245
85 1983 2007 0.0028946782453796484
85 1983 2008 0.0025951557093425622
85 1983 2009 0.0022788481458462795
85 1983 2010 0.0021847070506454819
85 1983 2011 0.0024937655860349101
85 1983 2012 0.0028216704288939048
85 1983 2013 0.0024145616641901915
85 1983 2014 0.0017979144192736413
85 1983 2015 0.0017674089784376137
85 1983 2017 0.0021513087128002886
85 1983 2018 0.001755070202808115
86 1998 1982 0.0018726591760299626
86 1998 1985 0
86 1998 1992 0.0010235414534288639
86 1998 1994 0.0026642984014209592
86 1998 1997 0.0026024723487312945
86 1998 1998 0.0029154518950437313
86 1998 1999 0.0024777006937561942
86 1998 2001 0.0019417475728155335
86 1998 2002 0.0014245014245014252
86 1998 2005 0.00077901843676967189
86 1998 2006 0.00024032684450853159
86 1998 2009 0.00041433602651750473
86 1998 2010 0.00019860973187686357
86 1998 2012 0.00018811136192626102
86 1998 2013 0.0001857355126300142
86 1998 2014 0.00017979144192736482
86 1998 2015 0.00017674089784376276
86 1998 2016 0
87 1998 1977 0.0025316455696202532
87 1998 1987 0.0014064697609001407
87 1998 1989 0.002439024390243902
87 1998 1993 0.0038277511961722493
87 1998 1994 0.0044404973357015983
87 1998 1995 0.0056956875508543513
87 1998 1997 0.0058555627846454128
87 1998 1998 0.0064139941690962085
87 1998 2000 0.0056423611111111119
87 1998 2001 0.0054368932038834916
87 1998 2002 0.0049857549857549865
87 1998 2003 0.0047423332279481478
87 1998 2005 0.003895092183848349
87 1998 2006 0.0036049026676279738
87 1998 2007 0.0028946782453796518
87 1998 2008 0.0028114186851211087
87 1998 2009 0.0026931841723637912
87 1998 2010 0.0025819265143992021
87 1998 2011 0.0017264530980241749
87 1998 2013 0.0016716196136701278
87 1998 2014 0.0014383315354189186
87 1998 2015 0.001237186284906322
87 1998 2016 0.00034904013961604974
87 1998 2017 0.00017927572606668551
87 1998 2018 0
88 1994 1993 0.00095693779904306223
88 1994 1994 0.0017761989342806395
88 1994 1998 0.0011661807580174927
88 1994 1999 0.00049554013875123884
88 1994 2001 0.00038834951456310704
88 1994 2007 0.00022266755733689643
88 1994 2010 0.00019860973187686183
88 1994 2011 0.00057548436600805657
88 1994 2012 0.00056433408577878132
88 1994 2013 0.00018573551263001507
88 1994 2014 0.00053937432578209273
88 1994 2015 0.00053022269353128308
88 1994 2016 0.00034904013961605581
88 1994 2017 0.00053782717820007216
88 1994 2018 0.00039001560062402497
89 1994 1989 0.0012195121951219512
89 1994 1992 0.0030706243602865915
89 1994 1994 0.0035523978685612799
89 1994 2003 0.0015807777426493832
89 1994 2004 0.001733603004911875
89 1994 2007 0.001781340458695168
89 1994 2008 0.0019463667820069207
89 1994 2009 0.0022788481458462812
89 1994 2010 0.0025819265143992055
89 1994 2012 0.0026335590669676438
89 1994 2013 0.0026002971768202092
89 1994 2014 0.0025170801869831005
89 1994 2015 0.0021208907741251323
89 1994 2016 0.0017452006980802799
89 1994 2017 0.0016134815346002182
89 1994 2018 0.0013650546021840848
90 2017 1961 0.0058479532163742687
90 2017 1967 0.0081967213114754103
90 2017 1978 0.0072289156626506017
90 2017 1987 0.0042194092827004225
90 2017 1990 0.004550625711035268
90 2017 1993 0.0047846889952153082
90 2017 1998 0.002915451895043733
90 2017 1999 0.0024777006937561977
90 2017 2000 0.0026041666666666644
90 2017 2001 0.0023300970873786422
90 2017 2002 0.0028490028490028504
90 2017 2003 0.0028453999367688901
90 2017 2004 0.0046229413464316665
90 2017 2005 0.0041547649961049052
90 2017 2006 0.004085556356645044
90 2017 2007 0.0064573591627699878
90 2017 2008 0.0067041522491349537
90 2017 2009 0.007458048477315099
90 2017 2010 0.0077457795431976201
90 2017 2011 0.0095914061001342726
90 2017 2012 0.0090293453724605011
90 2017 2013 0.0092867756315007377
90 2017 2014 0.0086299892125134836
90 2017 2015 0.0088370448921880618
90 2017 2016 0.0090750436300174597
90 2017 2017 0.0096808892076012953
90 2017 2018 0.0095553822152886214
91 2017 1984 0
91 2017 1986 0.0014684287812041115
91 2017 1987 0
91 2017 1988 0.0013123359580052495
91 2017 2001 0.00077669902912621365
91 2017 2004 0.00086680150245593791
91 2017 2006 0.00096130737803412636
91 2017 2007 0.001336005344021376
91 2017 2010 0.0011916583912611719
91 2017 2012 0.0013167795334838219
91 2017 2013 0.0011144130757800887
91 2017 2014 0.0010787486515641855
91 2017 2015 0.0012371862849063272
91 2017 2016 0.0013961605584642232
91 2017 2017 0.0016134815346002147
91 2017 2018 0.0015600624024960999
92 2017 2000 0.00043402777777777775
92 2017 2004 0.00057786766830395853
92 2017 2005 0.00051934562451311358
92 2017 2007 0.00044533511467379199
92 2017 2008 0.0006487889273356401
92 2017 2009 0.0006215040397762584
92 2017 2012 0.00037622272385252073
92 2017 2014 0.00035958288385472877
92 2017 2015 0.00053022269353128308
92 2017 2016 0.00087260034904013996
92 2017 2017 0.0010756543564001434
93 2017 1999 0.00049554013875123884
93 2017 2004 0.00028893383415197916
93 2017 2005 0.00025967281225655679
93 2017 2006 0
93 2017 2009 0
93 2017 2013 0.00018573551263001485
93 2017 2014 0.00017979144192736417
93 2017 2015 0.0005302226935312833
93 2017 2016 0.00069808027923211162
93 2017 2017 0.0010756543564001434
93 2017 2018 0.00058502340093603746
94 2017 1990 0.0011376564277588168
94 2017 1995 0.0016273393002441008
94 2017 2003 0.00094846664558963017
94 2017 2004 0.00086680150245593791
94 2017 2006 0.00096130737803412636
94 2017 2007 0.0011133377866844795
94 2017 2008 0.0010813148788927337
94 2017 2009 0.0010358400662937644
94 2017 2010 0.00079443892750744732
94 2017 2012 0.00094055680963130162
94 2017 2013 0.00074294205052006027
94 2017 2014 0.00071916576770945755
94 2017 2015 0.00088370448921880514
94 2017 2016 0.0012216404886561949
94 2017 2017 0.0017927572606669072
94 2017 2018 0.0017550702028081115
95 2017 2008 0.00021626297577854672
95 2017 2010 0.00039721946375372393
95 2017 2011 0.00038365624400537126
95 2017 2014 0.00053937432578209273
95 2017 2016 0.00052356020942408393
95 2017 2017 0.00071710290426676244
95 2017 2018 0.00039001560062402497
96 2017 2001 0.00038834951456310682
96 2017 2003 0.00063231109705975345
96 2017 2007 0.000222667557336896
96 2017 2010 0.00039721946375372388
96 2017 2013 0.00055720653789004477
96 2017 2015 0.00070696359137504411
96 2017 2016 0.00087260034904013952
96 2017 2017 0.0010756543564001439
96 2017 2018 0.00097503900156006244
97 1995 1972 0.0031645569620253164
97 1995 1990 0.004550625711035268
97 1995 1991 0.0054466230936819175
97 1995 1992 0.0071647901740020462
97 1995 1994 0.0097690941385435159
97 1995 1995 0.010577705451586657
97 1995 1996 0.010309278350515462
97 1995 1997 0.0097592713077423524
97 1995 1998 0.0093294460641399346
97 1995 1999 0.0079286422200198214
97 1995 2000 0.0065104166666666713
97 1995 2002 0.0056980056980057009
97 1995 2003 0.006006955422067653
97 1995 2004 0.0063565443513435432
97 1995 2005 0.0062321474941573612
97 1995 2006 0.0055275174236962266
97 1995 2007 0.0051213538187486057
97 1995 2008 0.0058391003460207536
97 1995 2009 0.0053863683447275823
97 1995 2010 0.0059582919563058723
97 1995 2011 0.0047957030500671294
97 1995 2012 0.004702784048156522
97 1995 2013 0.0044576523031203685
97 1995 2014 0.0039554117224020191
97 1995 2015 0.0035348179568752136
97 1995 2016 0.0027923211169284534
97 1995 2017 0.002689135891000366
97 1995 2018 0.0023400936037441533
98 1995 1988 0.0013123359580052493
98 1995 1989 0.0012195121951219514
98 1995 1995 0.0016273393002441006
98 1995 1999 0.00099108027750247768
98 1995 2001 0.0011650485436893203
98 1995 2002 0.00071225071225071261
98 1995 2005 0.00051934562451311315
98 1995 2006 0.00048065368901706405
98 1995 2008 0.00064878892733563967
98 1995 2011 0.00057548436600805657
98 1995 2012 0.0007524454477050406
98 1995 2016 0.00069808027923211162
98 1995 2017 0.00071710290426676288
98 1995 2018 0.00078003120124804995
99 1995 1974 0.0028985507246376812
99 1995 1991 0.0021786492374727667
99 1995 1993 0.002870813397129187
99 1995 1995 0.0032546786004882013
99 1995 1997 0.0019518542615484715
99 1995 2006 0.00096130737803412636
99 1995 2007 0.00089067022934758398
99 1995 2008 0.00086505190311418623
99 1995 2009 0.00082867205303501293
99 1995 2012 0.0007524454477050406
99 1995 2015 0.00053022269353128482
99 1995 2016 0.00052356020942408502
99 1995 2017 0.00053782717820007042
100 1995 1991 0.0010893246187363835
100 1995 1993 0.0019138755980861245
100 1995 1994 0.0017761989342806395
100 1995 1995 0.0024410089503661518
100 1995 2000 0.0013020833333333339
100 1995 2002 0.0014245014245014252
100 1995 2003 0.0015807777426493832
100 1995 2004 0.0011557353366079166
100 1995 2005 0.0010386912490262263
100 1995 2007 0.0015586729013582715
100 1995 2008 0.0012975778546712793
100 1995 2009 0.0010358400662937653
100 1995 2012 0.0011286681715575626
100 1995 2013 0.0013001485884101029
100 1995 2014 0.0012585400934915503
100 1995 2015 0.0010604453870625662
100 1995 2016 0.0013961605584642232
100 1995 2017 0.0016134815346002147
100 1995 2018 0.0013650546021840883
101 1995 1982 0.0018726591760299626
101 1995 1986 0.0014684287812041115
101 1995 1991 0.0021786492374727671
101 1995 1993 0.002870813397129187
101 1995 1995 0.0032546786004882013
101 1995 1997 0.0019518542615484715
101 1995 2006 0.00072098053352559477
101 1995 2008 0.00086505190311418623
101 1995 2009 0.00082867205303501119
101 1995 2010 0.00079443892750744732
101 1995 2012 0.00056433408577877958
101 1995 2013 0.00055720653789004607
101 1995 2014 0.00071916576770945581
101 1995 2015 0.00035348179568752205
101 1995 2016 0.00087260034904013822
101 1995 2017 0.00089637863033345186
101 1995 2018 0.00058502340093603833
102 1984 1984 0.0016501650165016502
102 1984 2001 0.00077669902912621365
102 1984 2002 0.0010683760683760685
102 1984 2003 0.00094846664558962974
102 1984 2005 0.00077901843676967016
102 1984 2006 0.00072098053352559477
102 1984 2007 0.00089067022934758398
102 1984 2008 0.00086505190311418709
102 1984 2009 0.00082867205303501206
102 1984 2010 0.00079443892750744732
102 1984 2011 0.00095914061001342761
102 1984 2012 0.0007524454477050406
102 1984 2013 0.00092867756315007446
102 1984 2014 0.0014383315354189134
102 1984 2015 0.0014139271827500882
102 1984 2017 0.001434205808533524
102 1984 2018 0.0015600624024960999
103 1984 1977 0.0025316455696202532
103 1984 1978 0.0048192771084337362
103 1984 1984 0.0066006600660066007
103 1984 1985 0.0062500000000000003
103 1984 1988 0.0052493438320209973
103 1984 1989 0.006097560975609758
103 1984 1995 0.0048820179007323036
103 1984 1997 0.0045543266102797686
103 1984 1998 0.0046647230320699742
103 1984 1999 0.0044598612487611461
103 1984 2000 0.0043402777777777762
103 1984 2001 0.004271844660194174
103 1984 2003 0.0031615554852987698
103 1984 2004 0.0028893383415197899
103 1984 2005 0.0028564009348221175
103 1984 2006 0.0028839221341023791
103 1984 2007 0.0026720106880427502
103 1984 2008 0.0019463667820069225
103 1984 2009 0.0016573441060700189
103 1984 2010 0.0015888778550148946
103 1984 2011 0.0019182812200268518
103 1984 2012 0.0015048908954100881
103 1984 2013 0.0013001485884100994
103 1984 2014 0.001078748651564182
103 1984 2015 0.00070696359137505105
103 1984 2016 0.0010471204188481631
103 1984 2017 0.0012549300824668402
103 1984 2018 0.00078003120124804648
104 1991 1983 0.0017667844522968198
104 1991 1984 0.0033003300330033008
104 1991 1985 0.0062500000000000003
104 1991 1986 0.0073421439060205578
104 1991 1987 0.0056258790436005644
104 1991 1988 0.003937007874015748
104 1991 1989 0.0085365853658536592
104 1991 1990 0.010238907849829351
104 1991 1991 0.010893246187363835
104 1991 1992 0.0092118730808597726
104 1991 1993 0.0086124401913875576
104 1991 1994 0.0088809946714032001
104 1991 1997 0.0078074170461938791
104 1991 1998 0.0087463556851311991
104 1991 1999 0.0084241823587710568
104 1991 2000 0.0073784722222222238
104 1991 2001 0.0062135922330097126
104 1991 2002 0.0060541310541310511
104 1991 2003 0.0060069554220676669
104 1991 2004 0.0052008090147356301
104 1991 2005 0.0049337834328745667
104 1991 2006 0.0055275174236962266
104 1991 2007 0.0046760187040748302
104 1991 2008 0.004325259515570945
104 1991 2009 0.0035218562253988006
104 1991 2010 0.0025819265143992021
104 1991 2012 0.0031978931527464338
104 1991 2013 0.0035289747399702698
104 1991 2014 0.0039554117224020191
104 1991 2015 0.0040650406504064984
104 1991 2016 0.0040139616055846483
104 1991 2017 0.003406238795267108
104 1991 2018 0.0025351014040561615
105 2001 1993 0.00095693779904306223
105 2001 1994 0.0017761989342806395
105 2001 1996 0.0022091310751104565
105 2001 1998 0.0023323615160349854
105 2001 1999 0.0034687809712586719
105 2001 2000 0.003472222222222222
105 2001 2001 0.0034951456310679616
105 2001 2002 0.0028490028490028504
105 2001 2003 0.0028453999367688901
105 2001 2004 0.0023114706732158333
105 2001 2006 0.0019226147560682527
105 2001 2007 0.0020040080160320627
105 2001 2008 0.0019463667820069225
105 2001 2009 0.0020716801325875306
105 2001 2010 0.0017874875868917547
105 2001 2012 0.0015048908954100812
105 2001 2013 0.0013001485884101063
105 2001 2014 0.0017979144192736413
105 2001 2015 0.0017674089784376137
105 2001 2016 0.0013961605584642267
105 2001 2017 0.0017927572606669037
105 2001 2018 0.001755070202808115
106 2001 1971 0
106 2001 2000 0.00086805555555555551
106 2001 2001 0.0011650485436893207
106 2001 2004 0.0011557353366079166
106 2001 2005 0.00077901843676967016
106 2001 2008 0.00021626297577854656
106 2001 2009 0.00020716801325875323
106 2001 2011 0.00019182812200268552
106 2001 2012 0.0003762227238525203
106 2001 2018 0.00039001560062402497
107 2001 1965 0.0046296296296296294
107 2001 1984 0.0033003300330033004
107 2001 1988 0.003937007874015748
107 2001 1991 0.0043572984749455351
107 2001 1992 0.0051177072671443197
107 2001 1995 0.0040683482506102542
107 2001 1997 0.003903708523096943
107 2001 1998 0.0040816326530612214
107 2001 2000 0.0047743055555555525
107 2001 2001 0.0054368932038834916
107 2001 2002 0.0049857549857549865
107 2001 2003 0.004426177679418275
107 2001 2004 0.0037561398439757282
107 2001 2005 0.0033757465593352368
107 2001 2006 0.0031242489786109176
107 2001 2007 0.0028946782453796449
107 2001 2008 0.0025951557093425587
107 2001 2009 0.00290035218562254
107 2001 2010 0.0027805362462760691
107 2001 2011 0.0028774218300402776
107 2001 2012 0.0030097817908201624
107 2001 2013 0.0031575037147102553
107 2001 2014 0.0026968716289104688
107 2001 2015 0.0022976316719688916
107 2001 2016 0.002268760907504358
107 2001 2017 0.0019720329867335962
107 2001 2018 0.0019500780031201231
108 2001 1932 0
108 2001 1997 0.00065061808718282373
108 2001 1999 0.0014866204162537165
108 2001 2000 0.001736111111111111
108 2001 2001 0.0019417475728155343
108 2001 2002 0.0014245014245014244
108 2001 2003 0.0015807777426493841
108 2001 2004 0.0014446691707598967
108 2001 2006 0.0016822879115597211
108 2001 2007 0.0013360053440213768
108 2001 2009 0.00145017609281127
108 2001 2012 0.00056433408577878132
108 2001 2013 0.00055720653789004607
108 2001 2014 0.00035958288385472964
108 2001 2016 0.00034904013961605668
109 1997 1982 0.0018726591760299626
109 1997 1992 0.0020470829068577273
109 1997 1993 0.0038277511961722493
109 1997 1994 0.0044404973357015983
109 1997 1997 0.0045543266102797669
109 1997 2000 0.0026041666666666678
109 1997 2001 0.0027184466019417493
109 1997 2003 0.0022130888397091375
109 1997 2004 0.0023114706732158333
109 1997 2005 0.0023370553103090122
109 1997 2006 0.0026435952895938475
109 1997 2008 0.0019463667820069225
109 1997 2009 0.0018645121193287748
109 1997 2010 0.0017874875868917547
109 1997 2011 0.001726453098024168
109 1997 2012 0.0018811136192626032
109 1997 2013 0.0018573551263001489
109 1997 2015 0.0017674089784376137
109 1997 2016 0.0019197207678883083
109 1997 2017 0.0016134815346002182
109 1997 2018 0.0019500780031201231
110 1997 1990 0.0011376564277588168
110 1997 1993 0.0019138755980861245
110 1997 1995 0.0032546786004882017
110 1997 1996 0.0036818851251840933
110 1997 1997 0.0052049446974625907
110 1997 1998 0.0046647230320699708
110 1997 2000 0.0047743055555555559
110 1997 2002 0.0042735042735042757
110 1997 2003 0.0037938665823585224
110 1997 2004 0.0046229413464316665
110 1997 2005 0.0041547649961049052
110 1997 2006 0.0045662100456621002
110 1997 2007 0.004898686261411711
110 1997 2008 0.0051903114186851243
110 1997 2009 0.0051792003314688195
110 1997 2010 0.0047666335650446839
110 1997 2011 0.0051793592940725108
110 1997 2012 0.0050790067720090232
110 1997 2013 0.0052005943536404114
110 1997 2014 0.0039554117224020191
110 1997 2015 0.0035348179568752275
110 1997 2016 0.0031413612565445032
110 1997 2017 0.0023305844388669811
110 1997 2018 0.0021450858034321313
111 1997 1997 0.0013012361743656475
111 1997 1998 0.00058309037900874635
111 1997 2004 0.00028893383415197938
111 1997 2006 0.00048065368901706318
111 1997 2007 0.00066800267201068799
111 1997 2008 0.00086505190311418709
111 1997 2011 0.00038365624400537104
111 1997 2014 0.00053937432578209273
111 1997 2015 0.00035348179568752205
111 1997 2016 0.00017452006980802834
111 1997 2017 0.00017927572606669072
112 1997 1995 0.00081366965012205042
112 1997 1997 0.0013012361743656477
112 1997 2000 0.00086805555555555551
112 1997 2003 0.00094846664558963017
112 1997 2004 0.0011557353366079166
112 1997 2005 0.0010386912490262272
112 1997 2006 0.00072098053352559477
112 1997 2007 0.00089067022934758398
112 1997 2008 0.00021626297577854742
112 1997 2009 0.00020716801325875236
112 1997 2010 0
112 1997 2011 0.00057548436600805657
112 1997 2012 0.0003762227238525203
112 1997 2013 0.00037147102526003013
112 1997 2014 0.00053937432578209273
112 1997 2015 0.00035348179568752205
112 1997 2016 0.00052356020942408328
112 1997 2017 0.00053782717820007216
112 1997 2018 0.00058502340093603833
113 1997 1991 0.0010893246187363835
113 1997 1994 0.00088809946714031997
113 1997 1997 0.0019518542615484715
113 1997 2005 0.00077901843676967016
113 1997 2006 0.00096130737803412636
113 1997 2007 0.00089067022934758398
113 1997 2010 0.00079443892750744819
113 1997 2011 0.001150968732016114
113 1997 2012 0.0013167795334838219
113 1997 2013 0.0011144130757800887
113 1997 2014 0.0012585400934915503
113 1997 2015 0.0012371862849063272
113 1997 2016 0.0012216404886561949
113 1997 2017 0.0012549300824668333
113 1997 2018 0.00097503900156006157
114 1997 1965 0
114 1997 1985 0.0015625000000000001
114 1997 1997 0.0019518542615484711
114 1997 2003 0.00063231109705975345
114 1997 2004 0.00086680150245593748
114 1997 2005 0.00051934562451311315
114 1997 2006 0.00096130737803412636
114 1997 2007 0.0011133377866844795
114 1997 2009 0.0010358400662937636
114 1997 2010 0.0013902681231380328
114 1997 2013 0.0014858841010401188
114 1997 2014 0.0014383315354189134
114 1997 2015 0.0012371862849063272
114 1997 2016 0.0010471204188481683
114 1997 2017 0.00089637863033345186
114 1997 2018 0.00078003120124804995
115 1997 1989 0.0012195121951219512
115 1997 1992 0.0020470829068577273
115 1997 1997 0.0032530904359141183
115 1997 1998 0.0029154518950437322
115 1997 2002 0.0024928774928774933
115 1997 2004 0.001733603004911875
115 1997 2005 0.0012983640612827842
115 1997 2006 0.0012016342225426562
115 1997 2009 0.0010358400662937653
115 1997 2011 0.00076731248801074209
115 1997 2012 0.0007524454477050406
115 1997 2013 0.0013001485884101029
115 1997 2014 0.0010787486515641855
115 1997 2015 0.0012371862849063289
115 1997 2017 0.0014342058085335258
115 1997 2018 0.0011700468018720732
116 1987 1980 0.002232142857142857
116 1987 1983 0.0035335689045936395
116 1987 1984 0.0033003300330033004
116 1987 1987 0.0042194092827004207
116 1987 1996 0.0029455081001472753
116 1987 1997 0.0019518542615484698
116 1987 1999 0.0019821605550049554
116 1987 2000 0.0021701388888888881
116 1987 2001 0.0023300970873786422
116 1987 2002 0.0014245014245014252
116 1987 2003 0.0015807777426493849
116 1987 2004 0.0017336030049118767
116 1987 2005 0.0015580368735393403
116 1987 2006 0.0016822879115597211
116 1987 2007 0.0015586729013582698
116 1987 2008 0.0012975778546712793
116 1987 2009 0.00082867205303500946
116 1987 2011 0.00095914061001342588
116 1987 2015 0.0008837044892188034
116 1987 2016 0.00104712041884817
116 1987 2017 0.0010756543564001408
116 1987 2018 0.00058502340093603833
117 1993 1990 0.0011376564277588168
117 1993 1993 0.0019138755980861245
117 1993 2002 0.0010683760683760685
117 1993 2003 0.00031615554852987629
117 1993 2004 0.00057786766830395832
117 1993 2006 0.00072098053352559477
117 1993 2008 0.00021626297577854656
117 1993 2011 0.00019182812200268552
117 1993 2013 0.00037147102526003013
117 1993 2016 0.00052356020942408415
117 1993 2018 0.00058502340093603746
118 1993 1985 0.0031250000000000002
118 1993 1986 0.0044052863436123352
118 1993 1989 0.0073170731707317086
118 1993 1990 0.0091012514220705359
118 1993 1991 0.0098039215686274508
118 1993 1993 0.010526315789473682
118 1993 1997 0.007807417046193886
118 1993 1998 0.0087463556851311922
118 1993 1999 0.0089197224975223061
118 1993 2000 0.0078125
118 1993 2001 0.0066019417475728093
118 1993 2002 0.0067663817663817655
118 1993 2003 0.0069554220676572853
118 1993 2004 0.0060676105171915684
118 1993 2005 0.005712801869644249
118 1993 2006 0.0062484979572218213
118 1993 2007 0.0057893564907592898
118 1993 2008 0.0051903114186851174
118 1993 2009 0.0039361922519162984
118 1993 2010 0.0031777557100297893
118 1993 2012 0.0033860045146726914
118 1993 2013 0.0031575037147102414
118 1993 2014 0.0037756202804746508
118 1993 2015 0.0037115588547189937
118 1993 2016 0.0036649214659685847
118 1993 2017 0.0032269630692004225
118 1993 2018 0.0025351014040561615
119 1993 1984 0.0016501650165016502
119 1993 1987 0.0028129395218002813
119 1993 1988 0.0026246719160104987
119 1993 1989 0.0036585365853658534
119 1993 1991 0.0032679738562091509
119 1993 1993 0.0038277511961722493
119 1993 1996 0.0036818851251840951
119 1993 2002 0.0017806267806267789
119 1993 2004 0.0017336030049118767
119 1993 2005 0.0015580368735393403
119 1993 2007 0.001781340458695168
119 1993 2008 0.0023788927335640156
119 1993 2009 0.0020716801325875306
119 1993 2010 0.0017874875868917547
119 1993 2011 0.0015346249760214842
119 1993 2012 0.0015048908954100812
119 1993 2013 0.0013001485884101063
119 1993 2014 0.0014383315354189116
119 1993 2015 0.0010604453870625696
119 1993 2016 0.00069808027923211335
119 1993 2017 0.00071710290426676288
119 1993 2018 0.00078003120124804648
120 1993 1984 0.0016501650165016502
120 1993 1987 0.0028129395218002813
120 1993 1988 0.0026246719160104987
120 1993 1989 0.0036585365853658534
120 1993 1991 0.0032679738562091509
120 1993 1993 0.0038277511961722493
120 1993 1996 0.0036818851251840951
120 1993 2002 0.0017806267806267789
120 1993 2004 0.0017336030049118767
120 1993 2005 0.0015580368735393403
120 1993 2007 0.001781340458695168
120 1993 2008 0.0023788927335640156
120 1993 2009 0.0022788481458462795
120 1993 2010 0.0019860973187686218
120 1993 2011 0.0021101093420295425
120 1993 2012 0.0018811136192626032
120 1993 2013 0.0018573551263001489
120 1993 2014 0.0019777058612010096
120 1993 2015 0.0015906680805938475
120 1993 2016 0.00104712041884817
120 1993 2017 0.00089637863033345533
120 1993 2018 0.00097503900156006157
121 1993 1993 0.0019138755980861245
121 1993 2003 0.00094846664558962995
121 1993 2006 0.00048065368901706318
121 1993 2009 0.00062150403977625883
121 1993 2012 0.00075244544770504147
121 1993 2013 0.00055720653789004433
121 1993 2014 0.00071916576770945668
121 1993 2015 0.00088370448921880514
121 1993 2017 0.0010756543564001434
121 1993 2018 0.00097503900156006157
122 1993 1989 0.0024390243902439024
122 1993 1990 0.0034129692832764505
122 1993 1993 0.0038277511961722485
122 1993 1997 0.0032530904359141192
122 1993 2004 0.002022536839063855
122 1993 2005 0.0025967281225655683
122 1993 2006 0.0026435952895938475
122 1993 2007 0.0031173458027165431
122 1993 2008 0.0030276816608996553
122 1993 2009 0.00290035218562254
122 1993 2010 0.0029791459781529292
122 1993 2011 0.0024937655860349101
122 1993 2012 0.0024454477050413828
122 1993 2014 0.0021574973031283709
122 1993 2015 0.0021208907741251323
122 1993 2016 0.0019197207678883083
122 1993 2017 0.0019720329867335962
122 1993 2018 0.0011700468018720767
123 1989 1989 0.0012195121951219512
123 1989 1991 0
123 1989 1992 0.0010235414534288639
123 1989 2004 0.00057786766830395832
123 1989 2005 0.00077901843676967016
123 1989 2006 0.0007209805335255952
123 1989 2007 0.00089067022934758398
123 1989 2008 0.00086505190311418709
123 1989 2009 0.00062150403977625883
123 1989 2010 0.00079443892750744819
123 1989 2011 0.00076731248801074209
123 1989 2014 0.00071916576770945755
123 1989 2015 0.00070696359137504411
123 1989 2016 0.00069808027923211162
123 1989 2017 0.00089637863033345359
123 1989 2018 0.0011700468018720749
124 2003 1992 0.0010235414534288639
124 2003 2000 0.00086805555555555551
124 2003 2001 0.00077669902912621386
124 2003 2002 0.0010683760683760685
124 2003 2003 0.0012646221941195065
124 2003 2005 0.0010386912490262272
124 2003 2007 0.0011133377866844795
124 2003 2008 0.0010813148788927328
124 2003 2009 0.0010358400662937636
124 2003 2012 0.00094055680963130162
124 2003 2013 0.00055720653789004433
124 2003 2014 0.00035958288385472791
124 2003 2015 0.00017674089784376103
125 2003 1959 0
125 2003 1969 0.0036900369003690036
125 2003 1972 0.0063291139240506319
125 2003 1980 0.004464285714285714
125 2003 1986 0.0044052863436123343
125 2003 1988 0.0052493438320209973
125 2003 1989 0.006097560975609758
125 2003 1995 0.0065093572009764025
125 2003 1997 0.007156798959011057
125 2003 1998 0.0081632653061224497
125 2003 1999 0.0079286422200198214
125 2003 2000 0.0073784722222222238
125 2003 2001 0.009320388349514569
125 2003 2002 0.010683760683760687
125 2003 2003 0.010749288650015801
125 2003 2004 0.010401618029471246
125 2003 2005 0.0096078940534926049
125 2003 2006 0.0088920932468156549
125 2003 2007 0.0082386996214651453
125 2003 2008 0.0077854671280276899
125 2003 2009 0.0084938885436088574
125 2003 2010 0.0079443892750744871
125 2003 2011 0.007481296758104744
125 2003 2012 0.0080887885628291856
125 2003 2013 0.0078008915304606241
125 2003 2014 0.0068320747932398285
125 2003 2015 0.007069635913750455
125 2003 2016 0.0071553228621291376
125 2003 2017 0.0071710290426676149
125 2003 2018 0.0064352574102964077
126 2003 1985 0.0015625000000000001
126 2003 1993 0.0019138755980861242
126 2003 1997 0.0013012361743656477
126 2003 1998 0.0017492711370262395
126 2003 1999 0.0024777006937561942
126 2003 2001 0.0023300970873786405
126 2003 2002 0.0024928774928774933
126 2003 2003 0.0034777110338286444
126 2003 2004 0.0023114706732158333
126 2003 2005 0.0031160737470786806
126 2003 2006 0.0031242489786109107
126 2003 2007 0.0026720106880427537
126 2003 2008 0.0023788927335640156
126 2003 2009 0.0024860161591050353
126 2003 2010 0.0019860973187686218
126 2003 2011 0.0015346249760214842
126 2003 2013 0.0016716196136701347
126 2003 2014 0.0012585400934915503
126 2003 2015 0.001944149876281373
126 2003 2016 0.0019197207678883083
126 2003 2017 0.0023305844388669741
126 2003 2018 0.00078003120124804648
127 2003 1999 0.00049554013875123884
127 2003 2003 0.0012646221941195069
127 2003 2006 0.00072098053352559477
127 2003 2007 0.00111333778668448
127 2003 2009 0.001035840066293764
127 2003 2011 0.00076731248801074209
127 2003 2012 0.00018811136192626015
127 2003 2017 0.00035855145213338144
127 2003 2018 0.00039001560062402497
128 2003 1993 0.0019138755980861245
128 2003 1997 0.0019518542615484709
128 2003 1998 0.0017492711370262386
128 2003 2000 0.002170138888888889
128 2003 2001 0.0027184466019417467
128 2003 2002 0.0028490028490028487
128 2003 2003 0.0034777110338286444
128 2003 2004 0.0026004045073678116
128 2003 2005 0.0023370553103090122
128 2003 2006 0.0031242489786109107
128 2003 2007 0.0033400133600534412
128 2003 2008 0.0030276816608996518
128 2003 2009 0.00290035218562254
128 2003 2010 0.002581926514399209
128 2003 2011 0.0024937655860349101
128 2003 2012 0.0031978931527464269
128 2003 2013 0.0031575037147102553
128 2003 2014 0.0028766630708378302
128 2003 2015 0.0026511134676564171
128 2003 2016 0.0027923211169284465
128 2003 2017 0.0023305844388669811
128 2003 2018 0.0019500780031201231
129 2003 2000 0.00086805555555555551
129 2003 2003 0.00094846664558963017
129 2003 2004 0.00028893383415197916
129 2003 2005 0.00077901843676967016
129 2003 2006 0.00048065368901706318
129 2003 2007 0.00066800267201068842
129 2003 2008 0.00043252595155709311
129 2003 2010 0.00059582919563058636
129 2003 2011 0.00076731248801074209
129 2003 2012 0.00056433408577878132
129 2003 2013 0.0007429420505200594
129 2003 2014 0.00017979144192736395
129 2003 2015 0.00035348179568752205
129 2003 2016 0.00052356020942408328
129 2003 2017 0.00035855145213338144
130 2003 2000 0.00043402777777777775
130 2003 2001 0.00077669902912621365
130 2003 2002 0.0010683760683760687
130 2003 2003 0.0012646221941195069
130 2003 2005 0.00077901843676967016
130 2003 2006 0.00096130737803412636
130 2003 2008 0.00086505190311418709
130 2003 2009 0.0010358400662937644
130 2003 2011 0.00095914061001342761
130 2003 2012 0.0011286681715575626
130 2003 2013 0.0011144130757800887
130 2003 2015 0.0010604453870625662
130 2003 2016 0.0010471204188481683
131 2003 2000 0.00043402777777777775
131 2003 2001 0.0011650485436893205
131 2003 2003 0.0015807777426493832
131 2003 2004 0.00086680150245593748
131 2003 2005 0.0010386912490262272
131 2003 2006 0.00096130737803412636
131 2003 2009 0.0010358400662937644
131 2003 2010 0.00099304865938430915
131 2003 2011 0.00057548436600805657
131 2003 2013 0.00055720653789004433
131 2003 2015 0.00070696359137504411
131 2003 2016 0.00069808027923211162
131 2003 2017 0.00089637863033345359
131 2003 2018 0.00019500780031201335
132 2003 1998 0.00058309037900874635
132 2003 2001 0.0015533980582524273
132 2003 2003 0.0022130888397091371
132 2003 2004 0.0020225368390638541
132 2003 2006 0.0019226147560682527
132 2003 2007 0.0020040080160320644
132 2003 2008 0.0021626297577854673
132 2003 2010 0.0017874875868917582
132 2003 2011 0.0015346249760214859
132 2003 2012 0.0013167795334838236
132 2003 2013 0.0011144130757800887
132 2003 2014 0.0012585400934915503
132 2003 2015 0.0010604453870625662
132 2003 2017 0.00089637863033345186
132 2003 2018 0.00058502340093603833
133 2003 1994 0.00088809946714031975
133 2003 2001 0.00077669902912621365
133 2003 2003 0.00094846664558963017
133 2003 2004 0.00057786766830395832
133 2003 2008 0.00021626297577854656
133 2003 2009 0.0002071680132587528
133 2003 2010 0.00059582919563058549
133 2003 2011 0.00076731248801074209
133 2003 2012 0.00056433408577878132
133 2003 2013 0.00055720653789004433
133 2003 2017 0.00053782717820007216
134 1985 1984 0.0016501650165016502
134 1985 1985 0.0031250000000000002
134 1985 1995 0.0024410089503661518
134 1985 1998 0.0029154518950437313
134 1985 1999 0.002973240832507433
134 1985 2001 0.0027184466019417458
134 1985 2003 0.0025292443882390138
134 1985 2005 0.0023370553103090087
134 1985 2007 0.0015586729013582733
134 1985 2008 0.0012975778546712793
134 1985 2009 0.00082867205303501293
134 1985 2010 0.00079443892750744732
134 1985 2011 0.00095914061001342935
134 1985 2012 0.0011286681715575626
134 1985 2013 0.00092867756315007446
134 1985 2016 0.00069808027923211335
134 1985 2018 0.00078003120124804995
135 1985 1934 0
135 1985 1985 0.0015625000000000001
135 1985 1991 0
135 1985 1999 0
135 1985 2000 0.00043402777777777754
135 1985 2001 0.00077669902912621365
135 1985 2002 0.00071225071225071218
135 1985 2003 0.0012646221941195069
135 1985 2004 0.0014446691707598958
135 1985 2005 0.0012983640612827842
135 1985 2006 0.0012016342225426579
135 1985 2007 0.00089067022934758398
135 1985 2008 0.00086505190311418623
135 1985 2010 0.00079443892750744732
135 1985 2011 0.00076731248801074209
135 1985 2012 0.0007524454477050406
135 1985 2013 0.00037147102526003013
135 1985 2017 0.00053782717820007216
135 1985 2018 0.00019500780031201335
136 2000 1981 0.0020242914979757085
136 2000 1992 0.0010235414534288641
136 2000 1996 0.0014727540500736377
136 2000 1997 0.0019518542615484706
136 2000 1998 0.0023323615160349854
136 2000 1999 0.0014866204162537165
136 2000 2000 0.0030381944444444441
136 2000 2002 0.0024928774928774933
136 2000 2003 0.0015807777426493849
136 2000 2004 0.0011557353366079166
136 2000 2005 0.0015580368735393403
136 2000 2006 0.0012016342225426579
136 2000 2007 0.0011133377866844804
136 2000 2008 0.00064878892733563967
136 2000 2009 0.00082867205303501293
136 2000 2010 0.00099304865938431089
136 2000 2011 0.00095914061001342935
136 2000 2013 0.0011144130757800887
136 2000 2014 0.0010787486515641855
136 2000 2016 0.00087260034904013822
136 2000 2017 0.00089637863033345186
136 2000 2018 0.00039001560062402324
137 2000 1995 0.00081366965012205042
137 2000 2000 0.0013020833333333335
137 2000 2001 0.00077669902912621365
137 2000 2003 0.00063231109705975345
137 2000 2004 0.00086680150245593748
137 2000 2005 0.00025967281225655701
137 2000 2006 0.00096130737803412636
137 2000 2008 0.00064878892733564054
137 2000 2009 0.0004143360265175056
137 2000 2012 0.0003762227238525203
137 2000 2013 0.00037147102526002927
137 2000 2015 0.00035348179568752205
137 2000 2016 0.00017452006980802834
137 2000 2018 0
138 2000 2000 0.0013020833333333333
138 2000 2005 0.00077901843676967037
138 2000 2006 0.00048065368901706318
138 2000 2008 0.00043252595155709355
138 2000 2009 0.0004143360265175056
138 2000 2011 0.00038365624400537104
138 2000 2012 0.0003762227238525203
138 2000 2013 0.00018573551263001507
138 2000 2015 0.00035348179568752205
138 2000 2016 0.00052356020942408415
138 2000 2017 0.00071710290426676201
138 2000 2018 0.00039001560062402497
139 2000 1994 0.00088809946714031975
139 2000 1996 0.0014727540500736377
139 2000 2000 0.0017361111111111114
139 2000 2005 0.00077901843676967016
139 2000 2007 0.00044533511467379199
139 2000 2008 0.00021626297577854656
139 2000 2010 0.00059582919563058636
139 2000 2011 0.00038365624400537104
139 2000 2012 0.00018811136192626015
139 2000 2014 0.00017979144192736395
139 2000 2015 0.00035348179568752205
139 2000 2016 0.00052356020942408415
139 2000 2017 0.00035855145213338057
139 2000 2018 0.00058502340093603659
140 2000 1997 0.00065061808718282373
140 2000 1998 0.0011661807580174927
140 2000 1999 0.00099108027750247768
140 2000 2000 0.001302083333333333
140 2000 2003 0.0012646221941195069
140 2000 2004 0.00086680150245593748
140 2000 2005 0.00077901843676967016
140 2000 2006 0.00072098053352559477
140 2000 2009 0.0004143360265175056
140 2000 2012 0.00056433408577878132
140 2000 2013 0.00074294205052005853
140 2000 2014 0.00071916576770945755
141 2014 2000 0.00043402777777777775
141 2014 2004 0.00086680150245593769
141 2014 2007 0.00066800267201068799
141 2014 2009 0.0012430080795525172
141 2014 2010 0.00099304865938431002
141 2014 2011 0.0013427968540187987
141 2014 2012 0.0013167795334838219
141 2014 2014 0.0014383315354189134
141 2014 2017 0.001434205808533524
142 2014 2002 0
142 2014 2006 0.00048065368901706318
142 2014 2008 0.00021626297577854677
142 2014 2010 0.00059582919563058593
142 2014 2012 0.00037622272385252073
142 2014 2013 0.00055720653789004455
142 2014 2014 0.00089895720963682106
142 2014 2015 0.00070696359137504411
142 2014 2016 0.00052356020942408415
142 2014 2017 0.00071710290426676201
142 2014 2018 0.00058502340093603746
143 2014 1997 0.00065061808718282373
143 2014 2007 0.000222667557336896
143 2014 2010 0.00039721946375372399
143 2014 2012 0.00037622272385252073
143 2014 2013 0.00055720653789004455
143 2014 2014 0.00071916576770945711
143 2014 2015 0.00035348179568752205
143 2014 2016 0.0001745200698080279
143 2014 2017 0.00017927572606669072
143 2014 2018 0.00019500780031201249
144 2014 1998 0.00058309037900874635
144 2014 2002 0.00071225071225071218
144 2014 2003 0.00063231109705975345
144 2014 2004 0.00086680150245593748
144 2014 2005 0.0015580368735393403
144 2014 2006 0.00096130737803412636
144 2014 2008 0.00086505190311418709
144 2014 2010 0.0013902681231380337
144 2014 2011 0.0015346249760214842
144 2014 2012 0.0013167795334838219
144 2014 2013 0.001671619613670133
144 2014 2014 0.001797914419273643
144 2014 2015 0.0015906680805938492
144 2014 2016 0.001396160558464225
144 2014 2017 0.0014342058085335258
144 2014 2018 0.00097503900156006157
145 2014 2007 0.00044533511467379205
145 2014 2008 0.0006487889273356401
145 2014 2009 0.0004143360265175056
145 2014 2010 0.00039721946375372388
145 2014 2011 0.00038365624400537126
145 2014 2012 0.00056433408577878088
145 2014 2013 0.00092867756315007403
145 2014 2014 0.0010787486515641855
145 2014 2016 0.00052356020942408415
145 2014 2017 0.00071710290426676201
145 2014 2018 0.00097503900156006244
146 1990 1980 0
146 1990 1987 0.0014064697609001407
146 1990 1990 0.0022753128555176336
146 1990 2003 0.00094846664558962974
146 1990 2004 0.00057786766830395832
146 1990 2005 0.0010386912490262272
146 1990 2006 0.00072098053352559477
146 1990 2007 0.00066800267201068842
146 1990 2008 0.00086505190311418709
146 1990 2010 0.0015888778550148964
146 1990 2011 0.0011509687320161131
146 1990 2012 0.0011286681715575626
146 1990 2013 0.0013001485884101046
146 1990 2014 0.0012585400934915503
146 1990 2015 0.0010604453870625679
146 1990 2016 0.0012216404886561949
146 1990 2017 0.0012549300824668333
146 1990 2018 0.0013650546021840883
147 1990 1990 0.0011376564277588168
147 1990 1991 0
147 1990 1999 0.0009910802775024779
147 1990 2000 0.00043402777777777797
147 1990 2001 0
147 1990 2004 0
147 1990 2005 0.00025967281225655657
147 1990 2006 0.00024032684450853159
147 1990 2007 0.00044533511467379199
147 1990 2008 0.0006487889273356401
147 1990 2009 0.0004143360265175056
147 1990 2010 0.00059582919563058636
147 1990 2012 0.00075244544770504147
147 1990 2014 0.0008989572096368215
147 1990 2015 0.00088370448921880514
147 1990 2016 0.0010471204188481683
147 1990 2017 0.0010756543564001426
147 1990 2018 0.00078003120124804995
148 1990 1990 0.0034129692832764505
148 1990 1995 0.0032546786004882017
148 1990 1999 0.00099108027750247768
148 1990 2002 0.001068376068376068
148 1990 2003 0.00063231109705975432
148 1990 2005 0.00077901843676967016
148 1990 2006 0.00072098053352559477
148 1990 2007 0.0011133377866844804
148 1990 2008 0.00086505190311418623
148 1990 2009 0.00062150403977625883
148 1990 2011 0.00057548436600805657
148 1990 2015 0.00035348179568752205
148 1990 2016 0.00034904013961605668
148 1990 2017 0.00053782717820007216
149 2010 1989 0.0012195121951219512
149 2010 2001 0.0011650485436893205
149 2010 2002 0.00071225071225071218
149 2010 2004 0.00086680150245593791
149 2010 2005 0.0010386912490262272
149 2010 2008 0.0015138408304498268
149 2010 2010 0.0015888778550148955
149 2010 2011 0.0013427968540187987
149 2010 2012 0.0013167795334838219
149 2010 2013 0.0011144130757800887
149 2010 2016 0.00069808027923211162
149 2010 2017 0.00053782717820007216
149 2010 2018 0.00078003120124804995
150 2010 1978 0.0024096385542168677
150 2010 1984 0.0033003300330032999
150 2010 2000 0.0026041666666666661
150 2010 2001 0.0015533980582524264
150 2010 2004 0.002022536839063855
150 2010 2005 0.0020773824980524543
150 2010 2006 0.0028839221341023808
150 2010 2007 0.0037853484747272306
150 2010 2008 0.0036764705882352949
150 2010 2009 0.0031075201988812924
150 2010 2010 0.0039721946375372401
150 2010 2011 0.0038365624400537104
150 2010 2012 0.0035741158765989489
150 2010 2013 0.0031575037147102553
150 2010 2014 0.0030564545127651915
150 2010 2015 0.003181336161187702
150 2010 2016 0.0036649214659685847
150 2010 2017 0.0039440659734671923
150 2010 2018 0.0037051482059282381
151 2010 1992 0.0010235414534288639
151 2010 1999 0.0014866204162537167
151 2010 2002 0.0014245014245014244
151 2010 2003 0.00094846664558962974
151 2010 2005 0.00077901843676967016
151 2010 2008 0.0010813148788927337
151 2010 2009 0.0012430080795525177
151 2010 2010 0.0015888778550148964
151 2010 2011 0.0011509687320161131
151 2010 2012 0.0007524454477050406
151 2010 2013 0.0001857355126300142
151 2010 2014 0.00035958288385472791
151 2010 2015 0.00017674089784376103
151 2010 2017 0.00035855145213338144
151 2010 2018 0.00058502340093603659
152 2010 2004 0.00028893383415197921
152 2010 2005 0
152 2010 2006 0.00024032684450853154
152 2010 2007 0.000222667557336896
152 2010 2010 0.00059582919563058593
152 2010 2012 0.00037622272385252073
152 2010 2018 0.00058502340093603746
153 2010 2000 0.00043402777777777775
153 2010 2001 0.00077669902912621365
153 2010 2004 0.00086680150245593769
153 2010 2006 0.00096130737803412636
153 2010 2007 0.00066800267201068799
153 2010 2009 0.00082867205303501119
153 2010 2010 0.00099304865938431002
153 2010 2011 0.00076731248801074209
153 2010 2012 0.00075244544770504147
153 2010 2013 0.0009286775631500736
153 2010 2014 0.00089895720963682063
153 2010 2015 0.00053022269353128308
153 2010 2016 0.00069808027923211162
153 2010 2017 0.00035855145213338144
154 2010 1949 0
154 2010 2000 0
154 2010 2009 0
154 2010 2010 0.00019860973187686197
154 2010 2011 0.0001918281220026856
154 2010 2012 0.00018811136192626037
154 2010 2014 0.00017979144192736428
154 2010 2015 0
155 1981 1981 0.0020242914979757085
155 1981 1982 0
155 1981 1997 0.0013012361743656477
155 1981 1998 0.0011661807580174927
155 1981 2004 0.00028893383415197916
155 1981 2005 0.00025967281225655701
155 1981 2007 0.00022266755733689643
155 1981 2009 0.00020716801325875323
155 1981 2013 0.00037147102526003013
155 1981 2016 0.00052356020942408415
155 1981 2017 0.00053782717820007129
155 1981 2018 0.00039001560062402497
156 1981 1980 0.002232142857142857
156 1981 1981 0.004048582995951417
156 1981 1988 0.0039370078740157471
156 1981 1989 0.0036585365853658534
156 1981 1992 0.0020470829068577265
156 1981 1994 0.0017761989342806386
156 1981 1997 0.0019518542615484698
156 1981 1998 0.0023323615160349871
156 1981 1999 0.0019821605550049554
156 1981 2000 0.0021701388888888881
156 1981 2002 0.001068376068376068
156 1981 2003 0.00094846664558962887
156 1981 2005 0.00051934562451311228
156 1981 2006 0.00048065368901706318
156 1981 2007 0
156 1981 2008 0
156 1981 2009 0.00020716801325875236
156 1981 2010 0.00019860973187686357
156 1981 2012 0.00018811136192626102
156 1981 2014 0.00017979144192736482
156 1981 2016 0.00017452006980802834
156 1981 2017 0.00017927572606668898
156 1981 2018 0
157 1981 1955 0
157 1981 1981 0.0020242914979757085
157 1981 1996 0.00073637702503681884
157 1981 2003 0.00031615554852987672
157 1981 2004 0.00086680150245593791
157 1981 2005 0.00077901843676967016
157 1981 2006 0.00048065368901706318
157 1981 2007 0.00066800267201068842
157 1981 2008 0.00064878892733563967
157 1981 2009 0.00062150403977625883
157 1981 2010 0.00059582919563058549
157 1981 2011 0.00038365624400537104
157 1981 2013 0.00055720653789004433
157 1981 2015 0.00035348179568752205
157 1981 2017 0.00017927572606669072
158 2012 2004 0.00028893383415197921
158 2012 2005 0
158 2012 2009 0
158 2012 2010 0.00019860973187686199
158 2012 2011 0.00038365624400537126
158 2012 2012 0.00056433408577878088
158 2012 2013 0.00055720653789004433
158 2012 2015 0.00035348179568752205
158 2012 2016 0.00034904013961605581
158 2012 2017 0.000358551452133381
159 2012 2000 0.00043402777777777775
159 2012 2002 0.00071225071225071239
159 2012 2003 0.00031615554852987672
159 2012 2007 0.00066800267201068799
159 2012 2008 0.00043252595155709355
159 2012 2011 0.00038365624400537104
159 2012 2012 0.00075244544770504147
159 2012 2015 0.00035348179568752205
159 2012 2016 0.00034904013961605581
159 2012 2017 0.00053782717820007129
160 2012 2008 0
160 2012 2011 0.0001918281220026856
160 2012 2012 0.00056433408577878099
160 2012 2015 0.0005302226935312833
160 2012 2017 0.0001792757260666905
160 2012 2018 0.00019500780031201249
161 2007 1985 0
161 2007 1986 0.0014684287812041115
161 2007 1995 0.00081366965012205053
161 2007 1997 0.0013012361743656477
161 2007 1999 0.00099108027750247768
161 2007 2000 0.001302083333333333
161 2007 2002 0.00071225071225071261
161 2007 2004 0.00086680150245593748
161 2007 2005 0.0010386912490262263
161 2007 2006 0.0014419610670511895
161 2007 2007 0.0015586729013582715
161 2007 2008 0.0012975778546712811
161 2007 2009 0.00145017609281127
161 2007 2011 0.00095914061001342761
161 2007 2012 0.00075244544770504233
161 2007 2013 0.00055720653789004607
161 2007 2015 0.00035348179568752205
161 2007 2016 0.00052356020942408502
161 2007 2017 0.00053782717820007042
161 2007 2018 0.00039001560062402671
162 2007 2005 0.00025967281225655674
162 2007 2006 0.00072098053352559477
162 2007 2007 0.0013360053440213762
162 2007 2010 0.00099304865938431002
162 2007 2011 0.00095914061001342761
162 2007 2012 0.00056433408577878132
162 2007 2013 0.0007429420505200594
162 2007 2014 0.00071916576770945668
162 2007 2015 0.00053022269353128308
162 2007 2018 0.00058502340093603746
163 2007 2006 0.00024032684450853159
163 2007 2007 0.0006680026720106881
163 2007 2008 0.00043252595155709344
163 2007 2009 0.0006215040397762584
163 2007 2011 0.000575484366008057
163 2007 2013 0.0003714710252600297
163 2007 2016 0.00052356020942408371
163 2007 2018 0.00019500780031201249
164 2008 2003 0.00031615554852987672
164 2008 2008 0.00043252595155709344
164 2008 2010 0.00019860973187686194
164 2008 2011 0.00019182812200268552
164 2008 2017 0.00035855145213338122
164 2008 2018 0.00039001560062402497
165 2008 2003 0.00031615554852987672
165 2008 2005 0.00051934562451311347
165 2008 2006 0.00048065368901706329
165 2008 2008 0.0006487889273356401
165 2008 2011 0.000575484366008057
165 2008 2015 0.00053022269353128308
165 2008 2017 0.00017927572606669072
166 2002 2000 0.00043402777777777775
166 2002 2002 0.00071225071225071239
166 2002 2005 0.00025967281225655679
166 2002 2007 0.000222667557336896
166 2002 2009 0.0002071680132587528
166 2002 2010 0.00039721946375372388
166 2002 2012 0.00037622272385252073
166 2002 2013 0.00055720653789004433
166 2002 2014 0.00053937432578209273
166 2002 2015 0.00035348179568752205
