# slope
0.0116009976118727
0.016366611736404454
0.0073483689504357181
0.0107495952832482
0.013843771782727995
0.0063832955007670222
0.015535258833706767
0.0094484125280338612
0.0099759428374358323
0.0098562612621334745
0.015471926161372112
0.058245358569826863
0.0089776118777598873
0.021429207734664883
0.045212765961928768
0.013122169619433343
0.012116673955897658
0.039093319536355482
0.016088054580614772
-0.01159429141485427
0.012652495665122098
0.022539788491444963
0.010713359669207539
0.021057913061340347
0.025953947950703136
0.02528043220756206
0.0091624602281440756
0.029610829103213353
0.011985645254002692
0.014265650406793567
0.0093224990723836942
0.011972137780119659
-0.040825382757977841
0.011475830261086005
0.0097696516450444335
0.01263872222803428
0.023136592684048878
0.017593855010281451
0.011468455353394528
0.013520714139068548
0.018317653540069926
0.025870793290760339
0.028850575622305179
0.02769485092257571
0.0097484734800763872
0.015099559158780767
0.049136453525526175
0.020354892897118636
0.021453898897859407
0.017643437705413122
0.015989447817387002
0.09223984235558641
0.029658837647763739
0.014215190906747248
0.097560975609756101
0.016229750283308531
0.0081293781890512846
-0.027643064983022089
0.010226711725676733
0.014524604413171676
0.0084273692263366687
0.011688853452141922
0.015331664580764039
0.012861405772132666
0.011297723171379842
-0.0047366896950321756
0.0093037447302064674
0.011281370656618881
0.0094330910691182521
0.013684935099057658
0.021962441816646291
0.016236444321131929
0.031457243346075824
0.002126916605846131
0.056797853310234986
0.013447408013188651
0.0074119827060519488
0.049489444337452011
0.0054593218211067005
0.0085229322176317845
0.014626298083956015
0.0092658289278441837
0.010445977385008921
0.07648355686068882
0.013451828802933394
0.011081462261722779
0.022502143061592639
0.012786531880086018
0.036958497424022393
0.040046273283330519
0.018980853597126205
0.021213737845382212
0.017208557533053757
-0.012805075038755885
0.0060877498658716755
-0.060869565217391307
0.053668113246277127
0.021090909090974882
0.088669950741109754
0.10673234811427001
0.021375464683720539
0.0073162286235339763
0.011884919196222929
0.12588191607313881
0.020527859237536656
0.023419353275560092
0.021927951946567468
0.025391704906832516
0.015365182872371623
-0.033849182480245911
0.014042429349928309
0.031260099631087924
-0.021754288105412328
-0.0067771995643228855
0.070895522392008373
0.018549280177187155
0.029334802369302335
-0.0050709939146577187
0.013743707063733705
0.23443983405386093
0.095238095170862749
0.0029439618887695451
-0.030751489530917411
0.031609195402298854
0.047332635983074398
0.023176954597985893
0.05524861879814557
0.087264150900434823
0.11899179368186141
0.073130061933219553
-0.045503269376158791
0.0625
0.037425149701027116
0.194767441851986
0.00076098464794859444
0.037139873143240576
0.087006960544812023
0.035235876529286461
0.041427155599117006
0.0019752064560679527
0.022116903627262263
0.051998029679021271
0.0052800852389917469
0.044930065907675988
0.027690886882558455
0.012689569792634985
0.024217141618660176
0.026466380543349058
0.039222730239686039
0.077777777777777779
0.01474158987264388
0.0055011484673323768
0.016290662681255761
0.038461538461538464
0.040914560775121803
0.017710724827469753
0.053645636569701546
-0.045487894347953826
-0.080999242997475421
-0.067606056061133749
0.0011933174224115202
0.32692307689967359
0.22413793103448276
0.02203557976856577
0.064285714285714279
-0.0040990162361378537
0.031452922079818306
0.079510703374778557
0.01134751773035042
0.021713154623653745
0.0035374481579649535
0.015875415786064866
0.067049808429125737
0.090425531929218469
0.009889464466034649
0.026459876022625985
0.021477937267886976
0.013736263724817349
0.15086206897036211
-0.015916863982786016
0.00010035604579779694
0.069171417778328317
0.020696142991379781
0.027642276424743928
0.021772692185165397
-0.037741203179273944
0.054788213628368512
0.019088669950426046
-0.0078231292521802036
0.0090090090090090089
-0.006248183667837197
0.0073467674222422539
0.44505494501848641
-0.015231860268323414
0.077169964377829886
-0.004870129870007631
-0.0078778643513242527
0.022316219371304756
0.176056338028169
0.011176811492802767
0.0016727450924956806
0.15446808512792434
0.079279279279808143
-0.07535321820683992
0.056432650315161072
-0.011483776886557938
-0.0040467625899844239
0.041711071641346957
-0.02838063438959092
-0.016706756172360931
0.091364687736230382
-0.14285714281899975
-1.5
0.03493530499229712
0.032329763588777795
0.010045443673186813
-0.016469038207517189
0.015258215963254705
0.0097997955870494837
0.0072992700733830245
0
-0.089558573853421058
0.66666666707998146
0.0047393364928909956
0
0.0051097084461183342
0.11428571428571428
0.13333333333333333
0.031990521326067126
0.031250000001163014
-0.29999999999999999
0.12820512820512819
-0.036697247705176163
0.28865979381443296
0.031818181818181815
-0.037735849057651004
