# slope
0.1111111111111111
0.065585331452750376
-0.044238683127572016
0.10000000000000001
-0.0084365978064845741
-0.025764895330112718
0.66666666666666663
0.02247191011235955
-0.023434884499497825
0.047244094488188997
0.16379310344827586
-0.06659205372132064
0.00040441012031666978
0.023658806773223611
0.041790062520565975
0.0031367628607277338
0.12954545454545455
-0.037819799777530583
-0.01248744979919679
0.13092475969506132
0.25
0.5
0.041463735685138878
-0.0090293453724604959
0.018018018018018011
0.031097922848664687
-0.18181818181818185
-0.27272727272727271
0.27450980392156865
0.00082354233007576937
0.0088558271342543352
0.10392609699769055
0.0945945945945946
0.063461538461538472
0.046357615894039722
-0.16666666666666666
1
0.5
0.070422535211267623
0.04070556309362279
0.0047169811320754741
0.097560975609756087
0.20000000000000001
1
0.068965517241379296
-0.5
0.0050514785921625532
-0.081250000000000003
1
0.39999999999999997
1
0.25
-0.125
0.33333333333333331
-0.25
0.33333333333333331
0.33333333333333331
1
-0.046153846153846156
-0.043478260869565216
0.045454545454545456
0.49999999999999989
-0.16666666666666663
0.16793893129770993
0.34782608695652173
-0.25
0.33333333333333331
0
0.33333333333333331
0.041666666666666699
-0.047945205479452059
-0.086705202312138727
0.25
