# t  nu  ci
1 0.14439463470973973 0.029222672498044742
2 0.15349595495896984 0.027150725202409669
3 0.16849163781791837 0.026134214938081424
4 0.17020703700241177 0.028272316073954317
5 0.16876702579147365 0.025236135767688749
6 0.18151295178988386 0.02840359366045634
7 0.17090618513298919 0.028950935454345798
8 0.18826021447282154 0.028422768526828356
9 0.19352248205377676 0.029547197681693487
10 0.20617726234169578 0.032100881510018192
11 0.23684551780690183 0.039548934544613411
12 0.24908298920184646 0.036088064560230122
13 0.23774647958337131 0.035355400943205786
14 0.24700030420107089 0.039066681928968554
15 0.26886051061817756 0.05678961672266631
