# slope
0.0002312324672811092
0.0035933568961055459
0.0019480366640119578
0.019700788120687159
0.0044183344376490571
0.0022887523538385576
0.00082300371118412808
0.0057007946663117691
0.00039775278381090379
0.0070154142496921769
0.020311688737867935
0.0083364827222648739
0.00045407914784863403
0.0030943686995248947
0.018284458212926513
0.0041229593413848725
-0.00086102647698562068
0.010177341254198231
-0.00079515640283133718
-0.0017651309083658395
0.0010056721007679311
0.0029216899360962147
0.00091409376198931262
0.0022832826862731002
0.0027749561407002681
6.261250042559982e-05
0.00090167724059526618
0.0047040069301172056
0.0062211734515877056
0.0029079704282241681
0.0046365557293283821
0.0055790613712589877
0.0014506465885517515
0.012387453059328044
0.0043493018593356815
0.0077452281021205159
0.00037400240603261813
0.0055492427262589855
0.011944782645704038
0.0021984752892032478
8.1584142757622235e-05
-0.0082368412786054251
0.0078306357087669174
0.0094895244863867165
0.0040682446488499334
0.0013085069033289423
0.0010512446767233273
0.0045103816594838494
0.015431785576595225
0.0052632214533883132
0.00070165788496732268
0.0033000857520843162
0.0028541287892127759
-0.00012971117346409052
0.0093314914573505697
0.0060607928218881016
0.0017164319871759248
0.0047258096212297197
0.0019299971241083915
0.0018273535429889542
0.019546454309631343
0.0027828106941231992
0.024907982587057783
0.0019471860669365325
0.014097819030103815
0.0060469745926235597
0.0065149014411730738
0.01267341112377127
0.0071610328344168545
0.0016860995310463364
0.003704657728563935
0.0080373487029746261
0.00057386178593669859
0.008132802614640942
0.0071864641448790307
0.0061894460646960883
0.0008735351614136981
0.0079931006863853075
0.010850598280558368
0.00070159413616524406
0.019042947423469417
0.0064610437816872632
0.024137702284967432
0.0019064745417067268
0.0037278191011227307
0.004901242806116755
0.0060538828043376174
0.0049526089009920412
0.016265005633983531
0.0087225085141307088
0.00035356480662412839
0.011696299054473652
0.0046357929929105651
0.011558223201258322
0.011988419315350341
0.023675699788223876
0.010546680940978279
0.0012763532065224218
0.0048429741804971674
0.0033959850821091825
0.013591236617609154
0.013381352812599267
0.01915686756443738
0.022830935152534433
0.0081204457266647045
0.0022256915565817699
0.010536204420832982
0.0016960208088890572
-0.00035144703694197868
0.00056593666262064039
0.0017791465294250866
0.0033828214791405873
0.0072182714463096377
-0.0013076534152356733
0.0041165483758810843
0.013802769405724205
0.0028005510822231381
0.013186592898673258
-0.001210558886711826
0.0027112944489397868
0.012207109326272196
0.006747825021445099
0.017830921519660613
0.0077618135073950828
-0.0006649421919105111
0.00065541225798037563
0.0062015808564961543
0.0047934222944945974
0.0039265034427045193
0.01201772230013359
0.0096143845021894308
0.0035839076201087433
0.021015027763523545
0.0018568669380952107
0.001292642434072811
0.0072738679981944254
0.0051446816620448789
0.0044324181233481152
0.022712790534918675
0.016445689500875049
0.0057533195907038528
0.0050062894669157523
0.012051558146087047
0.004417917064271591
0.0034934315531748895
0.0018686370081986514
0.003163205034809977
0.013226915104566641
0.007420527397720149
0.0068794005567891624
0.013955062398430368
0.0097745821318475975
0.0090705256066193739
0.0017288517526538986
0.0020546432740953034
0.0076826641761851789
0.010286968180413227
0.0033678943884039823
0.0016624728968575367
0.0055095823007269406
0.0047533286347300708
0.033010369989440354
0.00095056834764527406
0.0042295928330283008
0.0096464091097197141
0.0072890306968306602
0.005263660185310679
0.0063289440039730315
0.0069159701380903547
0.0086652024319132624
0.0025162925058854813
0.0054498910225963607
-0.00026944440795506456
0.0038791511123061266
-0.0021403949975198296
0.00099582235532305629
-0.0020315495272613003
0.0038106280906288494
0.0027286918096753837
-0.00036085024643290763
0.0052783275224938617
0.003564326457975693
0.000978869437090398
0.0084036537810214737
0.0066845118558093407
0.028351881291669379
0.021284683630422116
0.0026469352466482504
0.0043979483091169313
0.0012603280805187859
-0.00037226900430106314
0.0065757174150139399
0.0040613602883158356
0.015814923152702713
0.010468300029264502
0.0053127565373807997
0.013116862392990486
0.0027380032934740416
0.0043096332364881184
0.026001708351926573
0.014000977933122686
0.00089188010555870528
0.003752012307876217
0.0011330369202160683
0.0011681523045963343
0.016604725640538356
0.0018865755336425062
0.0071642938549646941
0.013313928131805087
0.014076534931486953
0.0044622252315782603
-0.0014770052978931279
0.0030619551232641587
0.0037611320275682597
0.023115213886369577
0.00048244026017828278
0.0020445915985010084
0.0024416036923774493
0.019254449739462162
0.0067711330830546139
0.0036682626687036713
0.0014314217781745337
-0.0017801553929688849
0.0077435708132506473
0.0042962236700368472
0.0048889671659776432
0.032093771692472531
0.0049300530496837408
0.0038943323698072204
0.0047525768279708721
0.0027566372792502329
-0.00072282326261150854
0.0058578760031927279
0.0077801539690606431
0.018975971390445875
0.0044994332193670564
0.009588633139878712
0.012864533576845954
0.0012901371138983716
0.0080900882851832386
0.0031360959551684875
0.0028427185769252712
-0.00074172886541145711
0.00067431638645767662
0.010061311951656432
0.016611094697524913
0.00061764151355162401
0.0031867262555765516
0.025593904209964193
0.0011621565265696597
0.012588355268597279
-0.00088566653422765215
0.0066199905826432931
0.0072594309569065773
0.012278436458387988
0.0017541990807719559
0.014913779051939909
0.011004114330378212
0.00071806056948961396
0.002131632731742052
0.010969138814486317
0.0025341057746179297
0.031405540262699316
0.015624936415874886
0.0028595858417785319
0.0022180962112094468
-0.0014655812584811658
0.00052734972153508253
0.018339214534478784
-0.00086019915559854595
0.0036764601183329197
0.0041632885670483911
0.006205180849821283
-0.00055309990568492195
0.0065522279207362128
-0.0013922266026115458
0.038805562968303439
0.010382662800633267
0.0030454426512436525
0.00022471840166774596
0.0047325967823147377
0.0058083274050196995
0.0075458233032327446
0.01002334824362054
0.0035077312128785369
0.003375144301672202
0.0039989177680966152
-0.0072313130230265551
0.0089453243683523306
