# slope
0.0751953125
0
0.026874331959077732
0.053853373657315684
0.035659546264205158
0
0.023514102408909335
-0.033206831119544589
0.072568940493468792
0.01596580003489792
0.023178807947019858
-0.010150566739976316
0.0082379507676125369
-0.066711213046069376
0.020961339857819433
0.0306658878504673
0.013850415512465398
-0.095463137996219263
0.044180522565320665
0.039961264541119652
0.086034177961107822
-0.012393998695368561
-0.042705210856978613
0.081027489860297439
0.029465781672895989
-0.041709053916581897
0.047578589634664423
0.059556387728647554
0.040834642135965903
0.014705882352941202
-0.003485424588086196
0.22727272727272727
0.026553871460462935
0.063164108618654069
0.0032796158008952313
-0.011626152556580045
0
0.008610584198299194
0.038461538461538457
0.050445859872611472
0.0085018382352941152
-0.0012515644555694582
0.017728682091217009
0.070669745958429564
0.10691465084436332
0.15580682253737066
0.0085959320474484971
0
0.069772942289498582
0.041111111111111105
0.20729166666666668
-0.029520295202952025
0
0.074127487741563317
0.11594202898550725
0.081680033769523
0.1600367708507438
0.15597920277296359
0.0050251256281407019
-0.010329562223315296
0.033132530120481937
0.104602510460251
0.042067783199261501
-0.0099213879100027175
-0.046852425180598525
-0.017928610608861712
0.082565789473684217
0.29746835443037978
0.030343671416596822
0.39957492029755581
0.050368550368550355
0.067246111619396171
-0.031934306569343061
-0.056775300171526571
0.083519761372110368
-0.043058648849294737
0.025388807656520001
0.0084771886559802685
0.18488372093023261
0.17093196843676689
0.019958847736625505
0.057669641353763269
-0.027171783148269096
0.030494885881459644
0.056561085972850672
0.019531249999999997
0.062394603709949419
0.054512957998212694
0.11437335670464507
0.0062893081761006362
0.010204081632653071
0.061258278145695372
0.013382556529764654
0.01876421531463229
0.032399299474605958
0.15122312824314307
-0.093304843304843302
-0.0051578204902133686
0.035530938857019058
-0.020964869677837138
0.09832635983263599
-0.062314540059347175
-0.0041173071366657089
0.048974943052391827
0.14200680272108843
0.036748927038626616
0.055902663597500811
-0.038292314038223571
0.097689501418727204
0
0.043771693019668337
0
-0.12093023255813955
0.014467338886453308
0.047088425593098497
-0.011943247126436778
0.1135185185185185
-0.02993585174625802
0.18361581920903952
0.18392370572207087
0.042968750000000014
-0.078947368421052627
0.03236994219653179
0.19403752248779232
-0.011596180081855386
