# t  nu  ci
1 0.06852262571623588 0.0075598524451178564
2 0.07172563637234175 0.0082448097920314895
3 0.074738905857618845 0.0071005596655352252
4 0.081241491485094144 0.007918039460953822
5 0.085027704934666798 0.0071591513611545046
6 0.091406240514100442 0.0082913646591713432
7 0.089410073459498918 0.0078765972759246641
8 0.087101198632319007 0.0069441614883331733
9 0.09241859595519171 0.00691086802222525
10 0.098490018023058665 0.0069844796363135193
11 0.098359801919137235 0.0076954065760013873
12 0.10355104170326325 0.0081030218991245354
13 0.10790611650597005 0.0085520599747014262
14 0.11156873754775964 0.0099088530820854968
15 0.11325886444088143 0.0099001266715269768
16 0.12072938386312562 0.011339107899266551
17 0.12892733539838025 0.011539985980431293
18 0.12343818357764808 0.011629232857505034
19 0.13403020353590045 0.013437460594453594
