# slope
-0.021453409559733603
0.059930515344528076
0.022558548616128514
-0.0063036814232498104
0.010408651074045736
0.010955084154964654
0.0072710009494777843
0.032054909357644337
0.0055328386414136305
0.021367686033308332
0.034351145038167927
0.27837259100642409
0.1201026119402985
0.076279204852027369
0.049239669712288457
-0.092867108475758645
-0.018570427470217234
0.19873417721518991
0.010749897858938954
0.084912068835383797
0.00026177469465359576
0.0068233877497352966
0.034262305257277643
0.084944021196304037
0.033333333333333319
0.012683536132988504
-0.082684824902723747
0.024234980934805382
0.25435540069686413
0.030847698683210335
0.037827943868212324
0.012100268874827878
-0.016093082702079244
0.044199602844148353
0.05136779181165578
0.033394731319967889
0.019749717536922003
0.016375166329013768
0.05064687445490422
0.046507832898172327
0.078407543045439329
0.082106541205038699
0.013291036308628873
0.024824952259707177
0.096825435320366735
-0.061505065123010121
-0.0099446533642316044
0.021120926834143169
-0.00621118012422355
-0.0023689027673091515
0.21016042780748656
-0.069368054776069152
0.18803724928366766
0.088856132075471717
-0.03840642017770135
0.011937406610728892
0.36814621409921666
-0.16542288557213922
-0.084768508163721779
-0.0049510650546919898
0.084402583610438911
0.012706602338112896
0.034064746165600762
0.025069696354588368
-0.0086361752107226592
-0.10175879396984921
0.027130686468795042
0.0025727525662143668
0.039237435954958814
-0.0041920654529253275
-0.06421571281607015
0.020717308977500556
0.091377961158141896
0.0063736263736263732
0.036039315617036757
0.060280179978938635
0.01974314206607326
0.10031882995588488
0.030282174810736407
0.043743093726785948
0.00021993202231806975
-0.0037449971412235653
0.012983638568256614
0.0050397699999017876
0.015617583384465769
0.020681144750972137
-0.056689342403628093
0.049465304983107285
0.065839694656488562
0.032545928409420777
0.14417177914110427
0.017701173094447121
0.002993887166755629
0.024639096928253574
0.086181742392663602
0.0176454896758565
0.078777625039653146
0.034104114787145687
0.14396709323583179
0.040522683443554294
0.36263736263736268
0.021348620837685663
-0.018971431271881407
0.0060854990769165125
0.010078095946448496
0.092152652721983613
0.027957622130665081
-0.11993243243243243
0.0065999092144272955
0.013503691246472662
0.012138222643435139
0.057911611057658088
-0.02696296296296298
-0.11455952819756729
0.10024855012427504
0.17268445839874416
0.024456043307042746
0.079422981263472039
0.027910940276317249
-0.012230102086909391
-0.013445908172187906
-0.015792798483891372
0.033885975052731269
0.01166786442119965
0.072704867529266845
0.20046775810223855
0.01466571596869677
0.073732718894009203
0.021128117307074847
0.11565439617204074
0.058636327472352631
0.054350274290033564
0.0017807545615224102
0.01126856752603725
0.21918139985468632
0.09342811837914905
0.020346850155952636
0.058993965162529208
0.0055687399997554985
0.012684618682046678
0.048543364960577304
-0.015150185207941988
0.020097702244106699
0.095991947291361651
-0.002279028074380992
0.10528631937950385
-0.02653301886792454
0.006754574576729816
-0.014270332570024738
0.014024472736642212
0.014732198892671994
-0.019519641766741296
0.070577093506177566
0.097199091597274814
0.026852098491964491
0.054500398572072242
0.020723291241719073
0.031447359854157177
0.015792263384425458
0.027961670717519135
-0.093590071647901701
0.077028885832187033
0.018852981023598645
0.033521836998622059
0.02503275313494293
0.036165714542755627
-0.015344863952752594
0.036026676248578381
0.035280940825088668
0.0094417176241865398
0.038166209501334966
-0.088114191600329378
0.021537292202180112
0.050240401114045145
0.030059361918501538
-0.0073322410069263377
0.11307420494699655
0.032370614558559628
0.023619286661164886
0.16436505553887723
-0.078567610903260282
0.017224773760783196
-0.16242821985233799
0.0058942084721382302
-0.069767441860465115
0.14372871736662884
0.036583036169128856
0.0084917435698062434
0.069362322683282518
0.0065068609467440206
0.043041055105944914
0.014365901369886466
0.015511550937408145
0.056667697395840384
0.010927923772013818
0.021850753771887822
0.033886033667562314
0.0036447459986082109
-0.014913871260199451
0.048930112958031048
-0.0025465400271370421
-0.051509769094138534
-0.1062134891131174
-0.052060737527114945
0.044796692248157327
0.019021558515691896
0.038180128220405639
0.016689363345508405
0.047050561797752834
-0.11964980544747084
0.018582664225243541
0.0080497077823202829
0.020206986720402598
0.028177282066334016
0.021992777162420922
0.034946524028870836
0.0056282425514103847
0.080028328611898
0.065410193672343964
0.043430701834150848
0.032016515120733974
0.0064167518156569778
0.052656104380242319
0.018216464471418444
0.034453781512605024
0.048476090849104002
0.012440059743730823
0.05285019063265245
0.10521235521235521
0.0027364177503243214
-0.016993464052287591
0.013868592028611798
0.028796656469309442
0.031579810794553513
0.02805491905107035
0.028398039368240872
0.019268136372815971
-0.016606092840469211
-0.16949152542372878
0.021696284514618271
0.097084105848643146
0.092104533865425123
0.042943126982110225
0.26497695852534564
0.08234051770822054
0.00014701558365187449
0.059431524547803601
0.082026318712948312
0.098543895699000947
0.043732866494582266
0.029064497954584444
0.077399713467048756
0.034851799425213409
0.024483471074380161
0.011663616738169973
-0.037707771474280942
0.10430170889805533
0.11238014664410607
0.095407440782698222
0.042547274749721892
0.0011162827783481018
0.050512880666259481
-0.080342577487765091
0.058967706115071572
-0.013109946740841365
0.030780038292538465
-0.037081887805197375
0.036733126189191022
0.036559124172377749
0.023310627998342572
0.030530255936230131
0.082714497886438892
-0.054769639177058217
0.032450645174526623
-0.0019414921831530094
0.035414915091575773
-0.0029298998265923654
-0.016477546003527091
0.03021816079510517
0.02166467143261111
0.016397630620718782
0.18881903906600811
0.049627139970851629
0.092012297071355428
0.095409540954095415
0.050411915543673982
0.0054377254234592868
0.0097074727995309276
0.10622164614387546
0.020368150300400407
0.037173095836106652
0.0024794050852740917
0.10374301054329985
-0.0069099486610240098
0.04789630478104747
0.14344262295081966
-0.0066135714420839532
0.096300016742005681
0.13362031855359444
0.04552109029778062
0.01281732192435577
-0.066674675636713143
0.041699344082174801
-0.032641200699655801
0.099991611441993145
0.074788635469917403
0.21274544057019196
0.048765041165294482
0.013949671772428878
-0.053571428571428555
0.0468604136982263
0.0050864897198398592
0.040142744681930798
0.007633220798903593
0.13008250947743999
0.2261904761904763
0.039598192650175966
-3.4570298702431492e-05
0.030161455629650381
0.019123507156684007
0.044304682040531097
0.034042753554948665
0.078766409668680981
0.75932835820895528
0.11330829714822205
-0.050781249999999986
0.092369976092742043
0.0033273403242733072
-0.00012235409274439826
-0.014939309056956113
0.013405663734112115
0.043744620462069832
0.08477545386983755
0.063277600196705169
0.013603837478154914
0.030769971396362981
0.012781169727043361
0.041368602279044583
0.063412408759124059
0.014834261356819738
0.01392126456522922
0.028534026620772996
0.0021825224756453587
0.073834321272743864
-0.030410356619443087
0.049008498583569364
0.041678268020409776
0.045438094518548147
0.040124917195041146
-0.24413443246670929
0.23627970373418627
0.13693398799781781
0.1789160628974594
0.039908816541449947
-0.052803422652555727
0.066530763528539608
0.02656725806682203
0.052512430386659613
-0.014726782864965239
-0.060001334846158993
0.028037039016228334
0.0040270046192111709
0.012752032713301891
-0.0091012514220705065
0.02157956193118122
0.084656084656084638
-0.031428571428571458
0.011358705951821212
-0.010473822487374364
0.19075763585878613
0.67865044247787587
0.058923683458335138
0.0021479713603818579
0.060583242210979465
0.086017473897088081
-0.027843672162258335
0.036057877608748866
0.043853617541447044
0.039465113605885282
0.12585153864223628
0.070261543429124981
0.036171449336747485
0.0082322357019063985
0.025785532309117586
-0.017689153332797292
0.085494735992900694
-0.092729188619599598
0.027467737529766632
-0.017365500416144552
0.15520206362854685
0.038343123981817037
0.027017915379541974
0.052741348227226141
-0.00094053881715287584
0.035790992146177279
-0.034188034188034171
0.049934298546449825
-0.053403019066250106
-0.014175911826553554
0.0097807644964902404
0.018398005320072498
-0.0013633029300632517
0.027678759873287318
-0.46728131324488553
0.14794826463199037
-0.0017822469109951269
0.093658406608046904
0.011724276344222377
0.10237829803047194
-0.11073663938372652
-0.029249044015946635
0.02535158913474532
0.016247644894228454
0.010724008529528423
0.0026813434942139407
0.020794410902869289
0.12148330116394686
0.038706158613596719
-0.010453578643978851
-0.015384615384615368
0.040844355536977899
0.023565027305984771
0.085190725504861592
-0.010782014681892323
0.080616911666316252
0.033178185190540534
0.044672006390918721
0.0080978468617060231
0.0073610319966323952
0.003010083897095514
0.040972775324017087
-0.0059392522122717929
-0.016758167276670753
0.014147824937194232
0.037966386889010814
0.21523809523809531
0.048231703668242497
0.02359568961641954
0.019636996866909527
0.0082684914495551841
-0.26837606837606837
0.031538547113138297
0.23333333333333336
0.027560575630690066
0.033975307716806881
0.038261846576382624
0.045419881076062645
0.0610806577916993
0.027190380330272688
0.013079937521556236
0.016522926115798399
0.039838850985451146
0.045901898571001298
-0.027653654835174093
0.020343665782482114
-0.011957447206654252
0.0015397640169073333
0.0014172465012083637
0.0092109813953184828
0.084667760111846138
0.055275425744458172
0.044510385756676575
0.053322521258876113
0.17176740627390968
0.024460397782724248
-0.061401796173369751
-0.17241379310344829
0.032289045126139469
0.023953969324717744
0.0098411689216065402
-0.0023830352494125487
0.0070967660832794224
-0.00052021403091556402
-0.14309346567411083
0.047400286791651182
-0.018503447980468601
0.045596259872063186
0.013985893784666652
0.054718790545495576
-0.023923356114955205
0.010793404766167421
-0.021450829770273194
0.12229261824075437
0.087703547767940052
0.022711613545308384
0.060443554996272415
0.047021943573667735
0.10079625544735567
0.026127067531990528
0.0027029732705976628
-0.0066576254469239383
0.070755072275214145
0.042842705897795187
0.028712649581948604
0.028718518470671056
0.017111549335017896
0.026129226871334905
0.11657060518731986
0.02135466400580743
0.018287479284467612
0.012860993453985364
0.10122512334386603
0.027929397267224803
0.037704439071042421
0.017673371442610525
0.037284668070092217
0.053507521677962612
-0.012123864192128487
0.026467726240674654
-0.054632779667800661
0.044100119189511316
0.052377187832425585
0.026129425065514182
