# t  nu  ci
1 0.0016448643805358214 0.00014054733702095214
8 0.0014966234094495163 0.00011617597364292584
15 0.0014753926934287138 9.3095265859849153e-05
22 0.0013953652569453042 7.673717904164671e-05
29 0.0016049322448133433 9.9891363087570328e-05
36 0.0015268899074387336 9.9282588753220698e-05
43 0.0014007152546752419 7.9843666390114911e-05
50 0.0013563989101969644 6.4777278156024479e-05
57 0.0014038299822933572 7.4539334975795487e-05
64 0.0015171174399254883 0.00013979418124834638
71 0.0014325425745293592 8.9706607515136611e-05
78 0.0013762544512987388 6.8038921803522485e-05
85 0.0013920641304867656 6.8998091057075893e-05
92 0.0014965231353933214 7.7337582332128111e-05
99 0.0014118850362366978 6.9590053786870522e-05
106 0.001452032384384398 8.6884077028772633e-05
113 0.0014347900487274004 6.0795629762180389e-05
120 0.0014951616995212821 7.7159518576831498e-05
127 0.0015149711782498413 7.1416510457033476e-05
134 0.0015075171141241464 6.2909287724634486e-05
141 0.0015248931347819532 5.9757800657786033e-05
148 0.0015685532324748773 5.9345611860806706e-05
155 0.0016061911090699509 8.000580647880834e-05
162 0.0015719404133190443 7.9916930434630721e-05
169 0.0015188752879703065 6.3385820916216098e-05
176 0.0014782715998554166 5.058475577080684e-05
183 0.0015883613922344916 6.9882253181231872e-05
190 0.0015698311037678635 8.088526819580806e-05
197 0.0015130298613107648 5.6212239231811075e-05
204 0.0015551922752683551 5.3860260215315498e-05
211 0.0016604932368586617 6.5984465754564809e-05
218 0.0016176597147975346 7.4486071887896045e-05
225 0.0015559567901890171 6.2862104379301611e-05
232 0.0015628238846993269 5.2121420005996492e-05
239 0.001587502004762842 5.2678362884787167e-05
246 0.0017267812050477808 8.658667287536365e-05
253 0.0016109902183169022 6.5034975214293083e-05
260 0.0015450233121132009 5.5544520545985035e-05
267 0.001575418502278197 4.9440723453948313e-05
274 0.0016965673575296645 7.1361286549848936e-05
281 0.0016389317386545838 6.7530049547881733e-05
288 0.0016299473361652765 5.7533571143776241e-05
295 0.0016501642034371263 5.3016681094223652e-05
302 0.0017279123472327945 5.9789532272230868e-05
309 0.0017986109605895944 7.1957714273465518e-05
316 0.001875518319662607 7.1445492727126276e-05
323 0.0018769871595316454 6.5878971354408266e-05
330 0.0018584698233456744 6.072768473551955e-05
337 0.0019328728816902039 7.0381840844191803e-05
344 0.0018659610363302524 6.4166561832058424e-05
351 0.0017789441766581638 5.5271334671056662e-05
358 0.0017498788973930078 5.097190897946142e-05
365 0.0018478790707412475 6.2260708528552063e-05
372 0.0018426840654463227 5.902611339605163e-05
379 0.0018079149023611872 5.3491861357867316e-05
386 0.0018395712505579415 5.2102546247313235e-05
393 0.0018706068717748172 5.6589098015345782e-05
400 0.0019254208415066022 6.5872430164856544e-05
407 0.0018857781625771148 6.5580817117424253e-05
414 0.0018164100204722381 5.7849897734611646e-05
421 0.0018767579355808027 5.6488953853715921e-05
428 0.001884594461847415 5.6950903455629172e-05
435 0.0019351507685864276 7.5030392892845853e-05
442 0.0018988274370800027 6.0746146996586741e-05
449 0.0019465595117206698 5.4672737862280777e-05
456 0.0020493526613409581 7.510112432123851e-05
463 0.0020310327580271965 7.1263173086819832e-05
470 0.0020401441218620355 6.6612599959647994e-05
477 0.0019808335205681693 5.4509890040745589e-05
484 0.0021707086999924532 7.0492543919816375e-05
491 0.0021729887831743026 8.2228595729515427e-05
498 0.0022109573623408404 8.0121142994293558e-05
505 0.002171483024671998 6.6932979535515026e-05
512 0.0023071369326278864 7.987224345586793e-05
519 0.0022638975646691053 7.2481137252722357e-05
526 0.0022249844223541453 6.6517080685165323e-05
533 0.0022171113650163925 6.6149229037085284e-05
540 0.0022841573391978566 6.6156709382551407e-05
547 0.0023248570472395578 7.3546698631959742e-05
554 0.0022756230064346853 6.435543675963504e-05
561 0.0022568568375661408 6.0866713492435885e-05
568 0.0022669678788214119 6.5646987340789992e-05
575 0.0023288561474527785 6.3674507307614239e-05
582 0.0022420189154431554 6.1871749511234142e-05
589 0.0022331242756910073 6.3407242452407514e-05
596 0.0021988765080653673 6.1479313544481366e-05
603 0.0022335710468510059 6.8071028987007801e-05
610 0.0022807454033227205 6.8284913856067953e-05
617 0.002262426430283787 6.7185770240659219e-05
624 0.0022009403060519292 6.3961515361043737e-05
631 0.0022235232501534993 6.5990988753771184e-05
638 0.0023288223704622676 8.1610548203134444e-05
645 0.0021863453599782045 7.1659951251419214e-05
652 0.0021895519140318 6.5121229549359828e-05
659 0.0022419238325076789 6.9141665150123302e-05
666 0.0023199100112025048 7.2770583716669438e-05
673 0.0023993637765552865 7.5844432160467528e-05
680 0.0025115456993853509 8.3353839899716304e-05
687 0.0025911678879437326 8.3000155551946837e-05
694 0.002520050931984577 7.6536041356400198e-05
701 0.0025068252799593819 7.5731144413410697e-05
708 0.0025367995034419116 7.7922389476893814e-05
715 0.0024689787874589086 7.5081190640798756e-05
722 0.0024895286300664755 7.9377364137094049e-05
729 0.0025526431851213378 8.0375483794867722e-05
736 0.0024519699995915979 8.1464568170058031e-05
743 0.0024997422663638326 8.1323033111956896e-05
750 0.0025680589509940823 7.7607793271379443e-05
757 0.0026050325928051511 9.8562544476363365e-05
764 0.0024843378935759755 7.329871852187175e-05
771 0.0024355339176833448 7.311266070182638e-05
778 0.0024246668026382911 7.5622695948154373e-05
785 0.0025516595464239551 8.4855231798106059e-05
792 0.0024518445669092417 8.013679477372507e-05
799 0.0024579442492737597 7.338519069152281e-05
806 0.0024449703327465125 8.005693947439866e-05
813 0.0024582789249419459 8.0110018657104714e-05
820 0.0025862322962138693 8.1069954488610673e-05
827 0.0026065105418949307 7.9629709625250088e-05
834 0.0025974435639042953 9.2831057998749865e-05
841 0.0025607756335204561 8.2607627821008306e-05
848 0.0026159961536596959 8.2661764098616953e-05
855 0.002662892160360177 7.9730404577304476e-05
862 0.0027496188575943932 8.8580118857261038e-05
869 0.0027864382081654992 8.7048048783531709e-05
876 0.0027673540649298944 8.7156495048483696e-05
883 0.002858689964741098 0.00013062438571389634
890 0.002693441185893642 8.7073568531195549e-05
897 0.002861304939202496 0.00015664870841312748
904 0.002814161714125212 8.9588827995937015e-05
911 0.0028027161412287585 8.4965073823716655e-05
918 0.0027792609103269588 9.0345695211450043e-05
925 0.0030506803358170578 0.00034013877355820027
932 0.0028110656882054321 9.0057459937567357e-05
939 0.0028662472202813636 8.9197124506518573e-05
946 0.0029380793183860104 0.00011794902735758994
953 0.0029713093664463217 0.00027798250296871065
960 0.0027276725784813167 9.0288049668128822e-05
967 0.0027923212647445409 9.2936861242532321e-05
974 0.0029002607585824221 0.0001565731484981217
981 0.0028189934832366448 9.6804801103330865e-05
988 0.002768360602719031 9.5186256091026999e-05
995 0.0029885356364926343 0.0001330538932946071
