# nu_over_mean_r0  nu_over_mean_rgt0
1.2009234320892652 0.799076567910735
0.70428893905191881 1.2957110609480813
0.89207583374141763 1.1079241662585821
1.0067362533434676 0.99326374665653216
0.94600414857646398 1.0539958514235359
0.92905259521547623 1.0709474047845238
1.02315749015086 0.97684250984913978
0.8602770109149187 1.1397229890850815
0.99007339146248252 1.0099266085375174
0.89413488728863044 1.1058651127113694
0.76190476190476186 1.2380952380952379
0.52589641434262957 1.4741035856573705
0.73422562141491399 1.2657743785850859
0.6382880277617119 1.361711972238288
0.88663157285821714 1.1133684271417827
1.2651162790697676 0.73488372093023258
1.085347804637395 0.91465219536260478
0.50473186119873825 1.4952681388012619
0.95481873084335767 1.0451812691566422
0.84278768233387347 1.1572123176661264
0.98408376963350774 1.0159162303664919
1.0434491368023626 0.95655086319763716
0.90466175955134942 1.0953382404486507
0.73045527707518976 1.2695447229248105
0.97849462365591389 1.021505376344086
0.98079096045197733 1.0192090395480227
2 0
0.89273624141599761 1.1072637585840024
0.54073540014419608 1.4592645998558038
0.8258426966292135 1.1741573033707866
0.89878831076265142 1.1012116892373485
0.90969731271689747 1.0903026872831023
1.0042194092827004 0.99578059071729952
0.78970638249631553 1.2102936175036845
0.8882514261826594 1.1117485738173405
0.92931301442425207 1.0706869855757477
0.95842758719393162 1.0415724128060682
0.78957849319615003 1.21042150680385
0.87604133472936674 1.1239586652706333
0.87610967083038727 1.1238903291696127
0.74323511725796765 1.2567648827420326
0.9719853836784409 1.0280146163215591
0.98436455697989744 1.0156354430201027
1.0346420323325636 0.96535796766743653
0.72173768123993109 1.278262318760069
1.1453831041257367 0.85461689587426326
1.0670687823434664 0.93293121765653375
0.90030424655066255 1.0996957534493372
0.81230769230769229 1.1876923076923076
0.99908382959230424 1.0009161704076959
0.64369900271985492 1.356300997280145
1.1737943585077344 0.82620564149226572
0.79611650485436891 1.203883495145631
0.88213195585818271 1.1178680441418174
1.075418994413408 0.92458100558659229
0.77231329690346073 1.227686703096539
0.55660377358490565 1.4433962264150944
2 0
1.1566265060240963 0.84337349397590367
1.0794602698650675 0.9205397301349324
0.72407955988150663 1.2759204401184936
0.92334799160785908 1.0766520083921409
0.85513838562948119 1.1448616143705188
0.91241310558465982 1.0875868944153404
1.1143225806451613 0.88567741935483868
2 0
0.93323798069506214 1.0667620193049379
1.01671445510748 0.98328554489252018
0.87518987596446929 1.1248101240355308
1.0026928034508722 0.99730719654912758
1.2078127244004022 0.7921872755995979
0.89149560117302062 1.1085043988269794
0.8658616904500549 1.1341383095499451
0.91724825523429721 1.0827517447657029
0.94612352168199731 1.0538764783180026
0.77772202709483185 1.222277972905168
0.9667470197800746 1.0332529802199255
0.78690549722050651 1.2130945027794935
0.95312389941536946 1.0468761005846305
0.81330936992517255 1.1866906300748277
0.90816158285243187 1.0918384171475679
1.026036644165863 0.97396335583413696
0.89672741524593369 1.1032725847540663
1.0172128859754974 0.98278711402450247
0.95992732411426263 1.0400726758857375
0.90973662995770688 1.0902633700422932
1.3125 0.6875
0.79369111887371646 1.2063088811262834
0.68376068376068377 1.3162393162393162
0.89368787032956265 1.1063121296704372
0.8315412186379928 1.1684587813620071
0.94508305916995028 1.0549169408300496
0.97134055816896658 1.0286594418310335
0.90453249434667193 1.0954675056533281
0.84139309602521706 1.1586069039747828
0.91188034423029329 1.0881196557697066
0.74988933156263826 1.2501106684373617
0.95012302571309337 1.0498769742869065
0.66762589928057547 1.3323741007194245
0.75260615306381884 1.2473938469361809
0.43103448275862072 1.5689655172413792
0.87006049062134949 1.1299395093786504
0.97804380917980338 1.0219561908201966
0.99834563970408652 1.0016543602959136
1.0321045169131051 0.96789548308689488
0.70845481049562697 1.2915451895043732
0.98837209302325579 1.0116279069767442
1.1862068965517241 0.81379310344827582
0.92768350143029454 1.0723164985697056
0.93671471517767668 1.0632852848223233
0.99006622516556286 1.0099337748344372
0.72298507462686568 1.2770149253731342
1.1012235817575082 0.89877641824249155
1.5018226002430135 0.49817739975698661
0.74488325165753821 1.2551167483424617
0.51162790697674421 1.4883720930232558
0.94734924394243025 1.0526507560575697
0.86274509803921584 1.1372549019607843
0.89568572430726079 1.1043142756927393
0.98219641375789679 1.0178035862421033
0.93346379647749511 1.0665362035225048
0.98360655737704916 1.0163934426229506
0.84046692607003892 1.1595330739299612
0.93709323337287909 1.0629067666271208
0.68154158215010141 1.3184584178498986
0.5714285714285714 1.4285714285714286
0.95677472643888739 1.0432252735611127
0.89655172413793105 1.1034482758620692
0.95928346839385437 1.0407165316061457
0.68378523971987792 1.3162147602801222
0.82674161814896607 1.1732583818510338
0.86007639716795214 1.1399236028320479
1.027237354085603 0.97276264591439676
0.89312344656172327 1.1068765534382767
0.67946257197696736 1.3205374280230326
0.75282422051513775 1.2471757794848621
0.93549895239909253 1.0645010476009074
0.80292931867849027 1.19707068132151
0.96253127922957082 1.0374687207704294
0.96357790119847997 1.03642209880152
0.82815319831562062 1.1718468016843793
1.0068027210884354 0.99319727891156473
0.91695286122100006 1.0830471387789997
0.88888888888888884 1.1111111111111112
1.0452798418682967 0.9547201581317033
0.67980594299575503 1.320194057004245
1.0660481555113763 0.93395184448862389
0.95544275239706711 1.0445572476029328
1.0477854023705553 0.95221459762944483
0.8999043478951777 1.100095652104822
0.90719485949048129 1.0928051405095187
1.0094876660341556 0.99051233396584437
0.8333462702786617 1.1666537297213382
0.71098626716604252 1.2890137328339575
0.89506347031241895 1.1049365296875813
0.86967250012504238 1.1303274998749577
0.93600175940180341 1.0639982405981967
0.84110371075166501 1.158896289248335
0.94150591163658992 1.0584940883634102
0.91645024535167063 1.083549754648329
1.46584938704028 0.53415061295971977
0.88158214025721893 1.118417859742781
0.92086762095751784 1.079132379042482
0.92744164485515546 1.0725583551448448
0.94299849429984939 1.0570015057001507
0.83740270817784412 1.1625972918221559
1.037387600567913 0.9626123994320871
0.79972895174799019 1.2002710482520098
0.87994203161088724 1.120057968389113
0.97653721682847905 1.0234627831715211
0.89443143642471734 1.1055685635752825
1.3388001726370307 0.66119982736296934
0.95399622479691248 1.0460037752030873
0.85277246653919692 1.1472275334608031
0.87598872624784063 1.1240112737521593
1.0267908084119499 0.97320919158805008
0.91678035470668484 1.0832196452933152
0.91095619824551777 1.0890438017544823
0.92943336577312152 1.0705666342268785
0.55657492354740068 1.4434250764525995
2 0
0.94040876158332676 1.0595912384166732
2 0
0.99063849746907173 1.0093615025309282
2 0
0.71074380165289253 1.2892561983471076
0.92461820403176531 1.0753817959682346
0.84043099025141099 1.1595690097485889
0.86889460154241638 1.1311053984575834
0.98777933818453401 1.0122206618154659
0.92212038623565906 1.0778796137643409
0.94106621092673248 1.0589337890732675
0.89860320907352675 1.1013967909264732
0.78986272439281946 1.2101372756071807
0.90881207974519296 1.0911879202548072
0.90138281715947577 1.098617182840524
0.89066760296029723 1.1093323970397029
0.96323523973641212 1.0367647602635881
1.043170559094126 0.95682944090587407
0.7971935978951985 1.2028064021048015
1.0002239641657333 0.99977603583426644
1.0939809926082364 0.90601900739176322
2 0
1.2240601503759398 0.77593984962406015
0.86361181325210101 1.1363881867478989
0.92441671540911163 1.0755832845908884
1.009625668449198 0.99037433155080212
0.95385447704609638 1.0461455229539038
0.97402597402597413 1.025974025974026
2 0
0.94685919288164266 1.0531408071183572
0.9162330128374534 1.0837669871625468
0.93326815655714757 1.0667318434428525
0.87417218543046349 1.1258278145695364
0.92657883765203042 1.0734211623479697
0.82046625101653547 1.1795337489834643
0.95445915299825945 1.0455408470017404
0.86253369272237201 1.1374663072776281
0.7905118238948019 1.2094881761051983
0.86538461538461542 1.1346153846153848
0.87531704045057224 1.1246829595494277
0.87098711791306738 1.1290128820869325
0.81935846933033196 1.180641530669668
0.88575911603420865 1.1142408839657916
0.91033977470464333 1.0896602252953567
0.86905430042074616 1.1309456995792537
0.97121069152111539 1.0287893084788844
0.79984808203570079 1.2001519179642992
0.73349633251833735 1.2665036674816625
0.96992022639115905 1.030079773608841
1.0404255319148936 0.95957446808510627
0.96174230596643018 1.0382576940335699
0.85266049630307938 1.1473395036969205
0.8870588235294119 1.1129411764705883
0.87747831216485095 1.1225216878351492
0.96488268670449318 1.0351173132955067
0.95424447979936977 1.0457555202006301
1.0019267822736031 0.99807321772639701
2 0
0.90943348331033558 1.0905665166896643
0.77071290944123316 1.2292870905587667
0.74921390328885873 1.2507860967111413
0.81769278085332431 1.1823072191466757
0.639498432601881 1.3605015673981191
0.8387693255945351 1.161230674405465
0.97512801755669343 1.0248719824433066
0.80530973451327426 1.1946902654867257
0.83760683760683774 1.1623931623931625
0.78988800317862362 1.2101119968213763
0.78399528908586569 1.2160047109141343
0.91991664185769573 1.0800833581423042
0.8637757902554003 1.1362242097445998
0.89528639410886102 1.1047136058911389
0.92617449664429541 1.0738255033557049
0.97684250755395252 1.0231574924460474
1.0894779518890376 0.91052204811096249
0.67032967032967028 1.3296703296703296
0.75867017459937813 1.241329825400622
0.74081974706689013 1.2591802529331098
0.89655172413793116 1.103448275862069
1.0170990074234716 0.98290099257652841
0.85741077549188327 1.1425892245081166
1.1669941060903732 0.83300589390962665
0.77786808075768676 1.2221319192423132
1.0164778578784759 0.98352214212152411
0.92214668693313739 1.0778533130668626
1.1324270658316788 0.86757293416832137
0.87264001495847465 1.1273599850415255
0.8024942623305763 1.1975057376694238
0.95042618479372654 1.0495738152062735
0.88336694699189466 1.1166330530081054
0.77131474103585662 1.2286852589641435
1.0502463054187192 0.94975369458128089
0.88538320306570772 1.1146167969342924
1.0014062873223752 0.99859371267762487
0.79702161976614383 1.2029783802338561
0.97964480874316939 1.0203551912568305
0.97912167026637875 1.0208783297336212
0.90445523383059534 1.0955447661694044
0.92790529628857277 1.072094703711427
0.92915374103743531 1.0708462589625647
0.61846814602720113 1.381531853972799
0.84667937595692233 1.1533206240430776
0.77399380804953555 1.2260061919504643
0.84745762711864403 1.152542372881356
0.86831812255541074 1.1316818774445894
0.99507065079534263 1.0049293492046576
0.97959183673469397 1.0204081632653061
0.7372544752162794 1.2627455247837205
0.90392515045019151 1.0960748495498087
0.83015174090678889 1.1698482590932111
0.92311725765222508 1.0768827423477747
0.75184399778720268 1.2481560022127973
0.87340301974448309 1.1265969802555167
0.89232211250989835 1.1076778874901017
0.66788990825688088 1.3321100917431192
1.0032763014197306 0.99672369858026932
0.78552213255074588 1.2144778674492542
0.72789115646258495 1.272108843537415
0.8699057869335266 1.1300942130664735
0.98088289876929347 1.0191171012307063
1.249457700650759 0.75054229934924077
0.85769686154057345 1.1423031384594264
1.2464589235127479 0.75354107648725221
0.7227765726681129 1.2772234273318872
0.7160961211460104 1.2839038788539894
0.63507597218645373 1.3649240278135462
0.81123244929797189 1.1887675507020281
0.92986530422666047 1.0701346957733395
1.3354735152487962 0.66452648475120379
0.83449803988409754 1.1655019601159025
1.009752577799502 0.990247422200498
0.93703999481988309 1.0629600051801171
0.89175822661644011 1.1082417733835597
0.5991146089522873 1.4008853910477128
0.48648648648648646 1.5135135135135136
0.8922050561797753 1.1077949438202248
0.96909855956542068 1.0309014404345793
0.87550628863781721 1.1244937113621829
0.92278323353466807 1.0772167664653318
0.95522388059701491 1.0447761194029852
0.73271028037383179 1.2672897196261681
0.79069767441860461 1.2093023255813953
0.38796992481203008 1.6120300751879699
0.71248025276461291 1.287519747235387
1.0921985815602837 0.90780141843971629
0.90139576767221985 1.09860423232778
0.96658831430490266 1.0334116856950974
0.98269896193771622 1.0173010380622836
1.0533333333333335 0.94666666666666655
0.90430901142458719 1.0956909885754129
0.87165858055585577 1.1283414194441443
0.75104341698737065 1.2489565830126295
0.81478208031817934 1.1852179196818207
0.88932997636837674 1.1106700236316231
0.91237677984665932 1.0876232201533407
0.90264070418778342 1.0973592958122165
0.87458318188283268 1.1254168181171671
0.79245283018867918 1.2075471698113207
0.90111824601412294 1.0988817539858768
0.94829434690682168 1.0517056530931783
0.94810273755416974 1.05189726244583
0.94275274056029224 1.0572472594397075
0.86965482474349098 1.130345175256509
1.1950207468879668 0.80497925311203322
0.8875044081344774 1.1124955918655226
0.85868140101142543 1.1413185989885746
0.80905265295531203 1.1909473470446879
0.94632942628007399 1.0536705737199259
2 0
0.52574102964118574 1.4742589703588145
0.62650602409638567 1.3734939759036144
0.57947520263772501 1.420524797362275
0.85714285714285721 1.1428571428571428
1.2455197132616489 0.75448028673835132
0.89723076923076928 1.1027692307692307
0.80457231211000046 1.1954276878899992
0.83942889295259515 1.1605711070474047
0.96381807056903945 1.0361819294309607
1.1629104958145524 0.83708950418544747
0.86599053604488185 1.1340094639551184
1.0353923522155801 0.96460764778441965
0.95465924895688448 1.0453407510431156
1.03499064527686 0.96500935472313998
0.91039693399468602 1.0896030660053138
0.93207547169811322 1.0679245283018868
1.1018518518518519 0.89814814814814825
0.93156664068589234 1.0684333593141075
1.0771685854325772 0.92283141456742279
0.65942591155934827 1.3405740884406518
0.486395981582252 1.5136040184177479
0.78790036854380696 1.2120996314561934
0.89340101522842652 1.1065989847715736
0.84168786923393257 1.1583121307660675
0.73849447021048886 1.2615055297895112
1.0469314079422383 0.95306859205776173
0.84546938196267651 1.1545306180373236
0.89025893958076463 1.1097410604192355
0.73613894455577822 1.2638610554442218
0.60892388451443558 1.3910761154855644
0.80129805292061906 1.1987019470793812
0.89485647206102548 1.1051435279389745
0.99252866159989683 1.0074713384001031
0.90884766612826917 1.0911523338717311
1.0172721858248959 0.98272781417510424
0.88489281723051916 1.115107182769481
2 0
0.92098971888874492 1.079010281111255
1.0419778936560027 0.95802210634399732
0.55905511811023623 1.4409448818897637
0.91531451433651934 1.0846854856634807
0.9088400685319743 1.0911599314680258
0.79999999999999993 1.2
0.97519053024160851 1.0248094697583914
0.90502211813687217 1.0949778818631277
1.1025641025641026 0.89743589743589736
0.82892606583917972 1.1710739341608203
1.0302066772655007 0.96979332273449925
0.86666666666666659 1.1333333333333333
0.95633359559402065 1.0436664044059796
0.84068445105749823 1.1593155489425018
1.0625769287578162 0.93742307124218405
0.944021183391615 1.0559788166083848
2 0
0.67178502879078694 1.3282149712092128
1.0045514995369498 0.99544850046305033
0.64355689525244919 1.3564431047475509
0.94795945650324498 1.052040543496755
0.7412882787750793 1.2587117212249208
1.308695652173913 0.69130434782608696
1.1490280777537796 0.85097192224622031
0.94590948844517575 1.0540905115548245
0.92092292759539851 1.0790770724046015
0.96621481482997962 1.0337851851700204
0.96866096866096862 1.0313390313390314
0.90625841691894982 1.0937415830810502
0.66554338668913227 1.3344566133108675
0.77063577323677979 1.2293642267632203
1.0298407000224366 0.97015929997756334
1.1627906976744184 0.83720930232558133
0.92341570834352826 1.0765842916564716
0.90708290384332191 1.0929170961566779
0.81191410759639804 1.188085892403602
1.0522803114571746 0.9477196885428254
0.66688013320311879 1.3331198667968811
0.86600787782461475 1.1339921221753855
0.87307377354276794 1.1269262264572322
0.93628966269660874 1.0637103373033914
0.93341630367143724 1.0665836963285626
1.0215822553290546 0.97841774467094522
0.82293554232461819 1.1770644576753817
0.96557890031291926 1.0344210996870811
0.99322179994514759 1.0067782000548526
0.88727272727272732 1.1127272727272728
0.87655601659751026 1.1234439834024896
0.69707081942899518 1.3029291805710048
0.88640138658193102 1.1135986134180689
0.88757745647683672 1.1124225435231632
0.9362995270907728 1.063700472909227
0.91436499583280395 1.0856350041671963
2 0
0.94403783357729976 1.0559621664227001
0.69565217391304346 1.3043478260869565
0.91247023116393333 1.0875297688360668
0.84951343452123951 1.1504865654787606
0.75350970506098314 1.2464902949390166
0.85470428757907413 1.1452957124209258
0.85925925925925928 1.1407407407407406
0.93751406040044027 1.0624859395995598
0.97611212541954107 1.0238878745804589
0.94119853800376729 1.0588014619962327
0.78094653718920082 1.2190534628107992
0.87227646908583667 1.1277235309141633
1.033271719038817 0.96672828096118291
0.79950135050903803 1.200498649490962
1.091706436218238 0.90829356378176207
0.8903263459948445 1.1096736540051555
0.99601328666077904 1.0039867133392211
0.98399836777521943 1.0160016322247807
0.80063022663919514 1.1993697733608049
0.86969545681477789 1.1303045431852221
0.90589711417816821 1.0941028858218318
0.6497588855152705 1.3502411144847293
0.66461538461538472 1.3353846153846154
0.90512985020502645 1.0948701497949733
1.4136546184738956 0.58634538152610449
2 0
0.925100319075841 1.0748996809241591
0.94079491676870641 1.0592050832312936
0.91898585763730145 1.0810141423626987
1.0184507714331159 0.98154922856688409
0.96666950814082353 1.0333304918591766
1.168032786885246 0.83196721311475419
1.542483660130719 0.45751633986928097
0.76725814292659211 1.2327418570734079
0.99949064051954672 1.0005093594804533
0.85729999029471704 1.1427000097052828
0.95229423664813184 1.0477057633518678
0.84549019607843134 1.1545098039215687
1.0289546443908464 0.97104535560915339
0.95787139689578715 1.042128603104213
1.0581039755351682 0.94189602446483167
0.84510532837670382 1.1548946716232962
0.72000000000000008 1.28
0.95272314674735248 1.0472768532526477
0.85386147704263582 1.1461385229573644
0.75647668393782386 1.2435233160621761
0.6812672762066766 1.3187327237933233
0.9215317116748557 1.0784682883251444
0.99453551912568294 1.0054644808743169
1.0064289888953828 0.99357101110461721
0.7513055587791575 1.2486944412208427
0.81324778914513618 1.1867522108548638
0.90001658599840173 1.0999834140015983
0.87045309508615187 1.129546904913848
0.90080642296351565 1.0991935770364845
0.86905653113169223 1.130943468868308
0.74513124470787473 1.2548687552921256
0.91889019624549328 1.0811098037545068
0.81296191017623654 1.1870380898237636
1.0036352141615299 0.9963647858384701
0.65979202772963608 1.3402079722703639
0.91794029613540651 1.0820597038645936
0.88755042887359781 1.1124495711264022
0.93625610671763315 1.0637438932823668
0.96667439882471196 1.0333256011752878
0.87476400251730646 1.1252359974826938
1.0064595509074132 0.99354044909258687
0.89138968856320333 1.1086103114367967
1.1457286432160803 0.85427135678391952
0.98214285714285721 1.0178571428571428
0.86182782811068759 1.1381721718893125
0.94197658505100723 1.0580234149489927
