# slope
1.7758020331053401e-06
2.8806664906319615e-07
1.8239269026063593e-06
2.7956550007765124e-06
2.5350455569966778e-06
1.5852911489056749e-06
2.3910732661292306e-06
1.6488849783240921e-06
2.8702993201248492e-06
7.3758967804576516e-07
5.3944697696099881e-07
6.5354923375610983e-07
3.4324879009798102e-07
1.6616876913924914e-06
2.0367057455177674e-06
1.3556313393893426e-06
4.0151655770840215e-06
1.4606446867708084e-06
2.1864418888767086e-06
2.3112566353004206e-07
2.6164787613435111e-07
4.5094052107665712e-06
1.5083454846539137e-06
4.2288236192708929e-07
2.7634192478551532e-06
2.9869915402097564e-06
1.5671959328698184e-06
3.0621905492924057e-07
1.057263716664863e-06
2.4098719408826289e-06
2.3945243364968038e-06
-4.4996747525523781e-07
1.5903945228636471e-07
8.2624355808875069e-07
-4.5014085721747176e-07
3.8550858100920455e-07
3.4827896875843251e-06
1.1147974182173898e-06
3.0285435585490842e-06
7.1534091629082615e-07
2.6759150365027424e-06
2.4302691191552863e-06
1.5258110228074384e-07
2.0482580746496693e-06
1.7533545464305773e-07
1.2126400972834078e-06
3.1737900279194165e-06
1.1961091500034566e-06
2.012699272249273e-06
2.1188624811337608e-06
1.5649999920779052e-06
5.0185446643399386e-07
2.3422191440670721e-07
2.734859112774392e-06
3.9141628328198521e-06
1.7289937300568639e-06
3.3854569326169418e-07
2.1506969536945784e-07
4.8544988616788337e-07
7.5429226119537377e-07
1.0334728498935876e-06
2.3161445023914093e-06
3.7889102437551224e-07
5.3338492908655486e-06
7.7629089579455999e-07
6.9398703214343718e-08
-1.9954748220807974e-07
-5.2164281141151528e-05
3.0454907824619876e-07
2.7563023700906237e-06
2.3850256426145261e-07
9.4510385390871671e-07
1.2619988912565447e-06
1.6699232434192489e-06
1.6208770944639167e-06
1.1810419069450992e-06
5.3871160799964361e-06
3.6652054888793236e-06
4.1475984650519525e-06
3.4719761326809044e-07
-3.0429408471428671e-06
3.7846162517159062e-06
2.4623960630386494e-06
2.5538407211260594e-07
3.4055145081156702e-07
4.9679937508322269e-07
2.2555521536106731e-06
2.5125000434570009e-06
1.6374987770161997e-07
-2.1029029246487618e-06
-1.2478025585599546e-07
-3.4475736610533453e-07
9.78346339742625e-07
1.1665853103408387e-06
7.2632921423193999e-07
1.5274204622034985e-06
2.077727912755076e-07
2.3047981576248019e-06
1.7412487168762095e-06
8.2610998483027548e-07
1.0410827143902747e-06
-4.3207329548384303e-07
2.6630430521341743e-06
2.0717283720072341e-06
4.2015384797709557e-06
1.2032343428664059e-06
4.6740989661362965e-07
1.5518495443990666e-07
-6.2724700714999249e-08
1.7814188043661412e-06
-9.131993097665002e-06
3.1115765508373542e-06
2.4102049546947637e-06
2.1653849917092287e-06
3.4740414017534471e-06
3.822170029163103e-06
1.9039940895098712e-06
2.0580698174139952e-07
1.6396336700420953e-06
1.9591279862522457e-06
3.4592201067498298e-07
5.4749764075236957e-07
3.6083747753572679e-07
1.8734306303878097e-06
3.1212086859247503e-06
2.799079210334455e-06
-1.0195890184322244e-07
9.7867815783128757e-07
3.2066004180620667e-06
5.5085549788898736e-07
4.37448837456075e-07
2.9076931809345234e-06
3.5780432917557063e-07
3.0198967278219648e-06
3.9602176590744936e-06
4.1851545360838736e-06
1.6593402201412719e-06
1.7414391360121391e-06
1.0279709350659365e-06
8.6546840305574976e-07
1.6556465910798357e-07
1.526311476158179e-07
5.954794142963214e-06
3.3763883210412106e-06
1.1108639447683435e-06
7.1080277804893664e-07
2.7772377602824211e-06
9.5055484977646987e-07
-4.8055543877804077e-07
1.0408224329196903e-06
1.8750249360201512e-06
7.6930920959257254e-07
9.0474285739468096e-08
2.7959167082622946e-06
1.7831155402190264e-06
4.5200192470675034e-06
3.2375227923343501e-07
3.5094434575929392e-07
2.9021762193785443e-06
2.3146815505261932e-06
-1.0143675016728183e-06
8.470377500996433e-07
3.0705549616136253e-06
3.2241365864304324e-07
2.7830788139181886e-06
3.1663914925362982e-07
2.4527366903859605e-06
1.5233057650362771e-06
-1.4116246864813659e-05
2.0608177127010368e-06
1.6197104248806697e-06
8.1463647322569919e-07
1.7331414268823194e-06
2.1557834451631963e-06
9.6630590512176427e-07
7.8393993015832277e-07
5.0477279226900115e-07
4.3423391433076637e-07
1.4902530679283158e-06
1.7258374791451907e-06
6.019466575771321e-07
-1.4847191213153242e-07
2.0592973221965974e-06
-1.3059107337356249e-05
1.0537662949020394e-06
3.1169424545857574e-06
3.11070649375646e-07
1.264015997147818e-08
2.6901580818082109e-06
1.9981917948949063e-06
3.65311032090871e-06
1.6975100017758125e-06
1.6810532096784483e-06
1.7076574154387404e-06
1.5302491387538006e-06
2.1048362172838523e-06
2.3658111331987353e-07
2.1207641831426356e-06
7.7964414138215972e-07
2.8334593863133839e-06
2.5568177079551052e-06
1.9926193455854395e-07
3.7561204584339195e-06
1.5427901009428387e-06
2.5210253205385279e-06
3.5157047379709799e-06
4.0975880237742438e-06
8.1535855113760193e-07
3.0179166816812984e-06
9.9794151525044153e-07
1.7084892508936858e-06
1.9329911908979108e-06
4.9497772931733107e-07
7.6224127383541387e-07
7.3861815077826096e-07
1.506267424797226e-06
3.2512494972658161e-06
2.8620362584388032e-06
2.3748913543776341e-06
4.4154010141391633e-07
5.270750990545091e-06
3.0419284313181925e-06
2.8095716689335844e-06
1.2599388774094459e-06
4.4101529200614607e-06
2.616437138510275e-06
3.7178602540557077e-06
2.7995892997715298e-06
1.6618178629564168e-06
2.2687811312267834e-06
3.1535338086981074e-06
3.2464426268299549e-06
1.5432807047362133e-05
3.0561157008023083e-07
7.381050578752006e-07
5.7262597802108671e-07
3.1363965257100331e-06
1.6430604844155247e-06
2.4375538430653106e-06
-3.1464397602003278e-05
3.3026753844571456e-06
6.8987553506099276e-08
5.4181439003046221e-07
1.828135317981312e-06
4.549358852406272e-06
6.9207049082762955e-07
2.9668530783364713e-06
2.1630194979511623e-06
2.6404917042908031e-07
3.7089037640464634e-06
1.6988897959186692e-06
9.0931182728778055e-07
7.82597907300793e-07
7.6607005933914731e-07
1.3042454082873251e-06
8.1010962215221992e-07
1.788685954020743e-06
6.9012773870094772e-07
4.3002250870288923e-06
4.6798426898789178e-07
9.6546789609951019e-08
1.0823737249629619e-06
1.5143294314932768e-06
-6.247173704463485e-07
3.1245024335185097e-06
-7.722455142571857e-07
1.8498097414652886e-07
4.8560125663187917e-06
3.7601169159882273e-06
1.6992425611955772e-06
1.2179507244110321e-05
3.0967694166354062e-06
2.5090642966241014e-06
4.4426838722236909e-07
3.0755174438851497e-06
2.1999015960760315e-06
6.6855906767256343e-07
1.1775790828832005e-06
6.5320386200305438e-07
2.8488182772839753e-06
1.0812366070921079e-06
6.4655305218562678e-07
5.6499191029142532e-09
1.5710490340447145e-06
2.8639299897935922e-07
1.1505042780889138e-06
5.164873288074362e-07
4.8818477718214892e-07
1.0078138731072097e-06
2.6160941165567417e-06
1.6221511914024476e-06
4.4285056509798443e-06
3.4401407031998988e-06
-7.0255338462391107e-07
1.7816308836058341e-06
2.5451323589444759e-06
1.0124446826095699e-06
2.8850895941482027e-07
3.2971875508756748e-06
1.9630017212684128e-06
9.4439784671894411e-06
5.1152028252527169e-07
6.25813855068508e-06
4.3722150881806967e-07
3.3331365843010118e-06
2.5728767366020209e-06
2.466337821932847e-06
3.1438307731172404e-06
2.9565303233683488e-06
2.9934551452799706e-07
7.0872794341690308e-07
5.2535939093830696e-06
1.3630563322694457e-06
3.263395290486415e-06
1.3495745643317174e-06
1.7160346000181912e-06
1.4932653246547867e-07
1.2912990115529962e-06
1.2510312046504075e-06
3.1542223780279254e-07
6.031147469093478e-07
-2.8534729741613579e-07
2.8774092830963107e-06
3.879548518608705e-07
7.9640344973304712e-07
3.8810514136122985e-07
3.7309793269929362e-06
1.0498819507551609e-06
1.5411507641827964e-06
2.0009339757561695e-06
2.9951715901177336e-06
2.8838716059296223e-06
2.741375516106147e-06
3.3217048305625093e-06
3.4413569803728694e-06
3.9930493057181926e-06
-1.3299790480442455e-07
2.4238341410936849e-06
4.0649328417676184e-06
3.1866496144878134e-06
3.8868549533219685e-05
3.301441645361382e-06
-8.2034840584775477e-07
1.3708647377206115e-06
-1.4979467560354926e-07
1.5761491392346018e-07
4.144675974293745e-07
8.8407235641379055e-07
1.7558495491822301e-06
3.0227635350564379e-06
7.3997703703752243e-07
3.7540250368029527e-07
1.2986082348099492e-06
1.3799087157178522e-06
2.7332846811715203e-06
1.2241597052130581e-06
1.892762608339711e-06
3.0436219116459883e-06
-8.1755674335690707e-06
3.932908697105446e-06
7.7872313337332936e-07
-1.1794740667133664e-07
2.4915696014470252e-06
1.7570053518338314e-06
1.4514069709262493e-08
1.5955285634549223e-06
3.0910753055290698e-07
-1.9273923123088475e-07
3.0261155414497282e-07
2.6070230285992223e-06
5.8455153020238414e-07
3.1938789365325387e-07
3.0633520680488776e-06
5.773559771462531e-07
3.5510808623349649e-08
5.9878860154344113e-07
9.8911010069128327e-07
2.7966683866593662e-06
3.2348108863658664e-06
1.7421128594019842e-07
1.5035264999908561e-06
-1.3178943042492678e-06
3.0947310120435348e-07
1.4331149782371536e-06
2.6639986071614254e-06
9.2487089713206844e-07
2.1179878536758393e-06
1.4609043593969077e-06
6.249671124201803e-07
-0.0007048037670846375
2.3731786544522845e-06
2.7610915875474859e-06
1.5317824285499907e-06
3.130237161844372e-07
3.1089602105193226e-07
3.0030921485080414e-08
2.7745064388432926e-06
3.5701918971984173e-06
-1.8791405470961568e-07
6.0518096808679688e-06
1.4304466855030827e-06
1.171587411691846e-06
2.1520995531327153e-06
1.7738510150876538e-07
3.03361120616218e-06
-2.8952664496474604e-07
1.554396024608506e-06
1.4556443895458143e-07
9.2827006452598331e-06
1.7362596433276857e-06
7.5360505641939544e-07
1.3529740377257088e-06
9.6505917091619106e-07
1.9703616507170921e-05
-1.9988331972136164e-07
1.3776889597956088e-06
2.0342368332026497e-06
1.3746267681285343e-06
3.2631173164511245e-06
-1.2189083899840431e-07
-1.4504472268857461e-07
-4.5438194345579545e-07
8.2329971171602567e-07
1.0247319054831122e-05
2.5442280638388632e-08
3.7969915587920172e-07
1.9768871464758066e-06
4.1696930015097246e-07
2.9276313155919159e-06
1.3489141591009792e-06
9.0503165697800303e-08
2.9651828127885706e-06
2.7118102892386375e-07
5.4717269043149167e-07
-9.538880277168052e-07
-3.2422898478156411e-08
1.6241814064612634e-06
2.6044078258833208e-05
1.0755053141676582e-06
-2.0892482990732376e-05
3.3107511701471604e-06
2.598443622443711e-06
2.752434788413071e-06
4.6053650859526956e-07
3.4742713558900816e-06
1.0977473798782725e-06
2.1492588596676808e-06
2.1581324828359453e-06
-5.9859562776568694e-08
7.7996294183026739e-07
2.3584998685499254e-06
1.0890619525019063e-06
3.7268197063003424e-06
1.6967758136981909e-06
2.6640039555905644e-06
8.185626655483096e-07
3.1978857767233077e-07
1.6673760791813555e-06
6.7484099394635638e-07
2.7152205485256989e-08
1.8114121317085206e-05
2.0775436665062499e-07
4.6041658959272118e-06
6.5491846325552124e-06
3.048027766574747e-06
2.6992441403866951e-06
1.6543600870091276e-06
4.5649407838280151e-07
2.5812711444583102e-06
1.5143617355776499e-06
7.956768573034726e-07
2.2215867133965573e-07
1.7108933851749801e-06
2.2807022894390457e-07
8.0229423430095946e-07
5.3039156645845309e-06
8.7442951832994984e-06
6.0907663896681514e-07
1.4934793102778896e-06
5.6651491565478738e-07
5.9212917839583827e-07
1.2578578972490416e-06
2.1494202808508573e-06
1.3567595439045905e-06
4.1322927996848804e-06
1.6656052407426367e-07
2.0795913356569168e-06
3.3917564884492714e-08
2.5649443346795074e-07
2.88955016263575e-06
1.1117504014549565e-06
2.7626461979462402e-06
4.4156908576500651e-07
1.7893879594791723e-06
1.2573406863870271e-06
4.3202108403054479e-07
1.5484720841646288e-07
1.1855270453733631e-06
2.4753090757084798e-06
4.1245324734048786e-07
1.6079066529100027e-06
1.6986347903783465e-06
-3.5355381754667836e-07
6.275914898032932e-07
1.003302828580458e-06
1.9770902907844913e-07
6.9118269759013533e-07
1.3474935885348812e-07
1.1375909916968419e-06
1.2564061773998805e-06
1.9121569627594261e-06
6.3164124125887149e-07
3.4805451213796766e-06
-2.6137688564584097e-07
6.4378048387546246e-07
3.9375039646288165e-06
2.8987348719687591e-06
3.8638964211772645e-06
-2.3001175706936931e-06
1.0641233642777977e-06
2.4777701604681204e-06
1.343883835255307e-06
2.7645493270905012e-05
1.4631839890763591e-05
7.0263987330848364e-07
4.1438541323249111e-06
-2.8038489645784375e-07
1.8641165062702069e-06
2.400970864851364e-06
3.7089705524673677e-06
-6.1406719822513105e-08
3.2828176235096938e-06
2.7642291451514837e-06
9.6721406139471662e-07
-5.1935913900627876e-08
1.617586623019442e-06
1.2295135085797444e-06
-3.9097056442638209e-07
2.3901803678272671e-06
2.8115206440788673e-06
4.0146934260799281e-06
1.354427609985721e-06
1.1180898357062059e-06
3.2642366410106875e-07
1.0905663315098828e-09
-1.7484402578034354e-07
4.4452019647547182e-07
2.426005504293301e-06
1.6195232771715294e-06
1.5789171457596821e-06
1.4142524532106388e-06
-2.0768920303264422e-07
2.4153502832340004e-06
6.2101514170899129e-07
-8.0566176888378866e-07
-6.6695198234350822e-08
7.32804978447897e-07
1.4993673559112123e-06
2.6668612860765186e-06
1.0024651013701882e-06
9.1031593560635212e-07
2.902949588951454e-06
-9.5785324791699225e-07
2.0011431952587989e-06
3.4522644940282224e-06
2.2458020403743508e-06
1.9172311986605442e-06
3.6874173264473404e-07
3.6078393645223424e-07
3.2741402256727049e-06
3.5942634395707947e-07
6.918462129634767e-07
2.362181790753957e-06
1.9022855167130662e-06
-9.8561341651196337e-09
2.3985949286669232e-05
1.3500623965882445e-07
2.7820884007767438e-07
3.0076712060787236e-06
2.4922582109506374e-06
4.2224734580383465e-07
7.5092202990512094e-07
7.3669911912338904e-07
3.2694672877661025e-07
-7.2643133406106652e-07
3.5199983957475693e-07
3.0062458957499196e-06
5.1735818189313964e-07
2.5520073904641385e-07
2.5000325480234168e-06
1.9679746395152633e-06
4.1798771788217969e-06
5.6585080971062266e-07
8.5436078192662266e-07
2.3320989478742246e-06
5.6015500727734908e-07
1.7360348139242198e-06
2.8305064033974324e-06
-4.0143305275752663e-07
2.2767503544456148e-06
3.8388686568627588e-07
6.3249971345980304e-07
1.4043760283341524e-07
-3.0268273654418122e-07
2.8100135816561319e-06
3.4528441736054162e-06
5.4841245328942891e-07
2.0202885710597248e-06
6.9601429352509473e-08
2.6374174464139335e-06
2.2380178237830197e-06
1.0369891146094505e-06
2.9819944005164174e-06
1.7053193108756033e-06
8.0245845538259823e-07
1.2701777031371942e-05
1.753485351606783e-06
1.8066663893784932e-06
3.5458211311547365e-07
2.8814234127941572e-06
7.9883395954825184e-07
2.1079861140987342e-06
2.5835793291834042e-06
2.6754528798254547e-06
2.7603010156947615e-06
9.5841367294893466e-07
3.447195466020998e-06
3.7723509748467953e-06
1.9279731818750026e-07
1.3086147668489462e-06
1.3323071646888399e-06
2.5389861578796694e-06
1.2850964956340153e-06
2.4374154596845208e-07
3.3621863680559997e-06
1.9924979553256362e-06
1.6691533819883051e-06
3.4812769582624037e-06
1.8327038068378182e-06
2.131564433982286e-06
3.5355637169729632e-06
2.345157418271855e-07
2.0609430417107483e-07
8.5244504344357041e-07
-8.9168085751597307e-08
3.4845308532377929e-06
2.4031346488766518e-06
2.656343456704432e-06
3.2304514270731394e-07
4.2503100108788495e-06
2.0133884849006745e-06
-5.6084506153655479e-07
4.6401267597842565e-07
6.2971908030278193e-07
4.7583461759128915e-07
1.193516377345746e-06
3.2331321369305107e-06
2.5884016987870995e-06
2.9269241899280735e-06
2.6822992722143176e-06
1.2974976896172711e-06
1.0137510353051096e-06
2.7400082882161336e-07
1.0780512090546432e-06
2.2278563447702862e-06
1.1470891949342549e-06
1.2257059712379177e-06
-1.4143304425981729e-07
2.4246132723547703e-06
3.0521258521940465e-06
7.5951381518766515e-07
8.5134607539147985e-07
4.0230580040001699e-07
1.6681812708513492e-06
1.0881520091710222e-06
5.9198493203437745e-07
3.1599100843781661e-06
2.8269303368542966e-06
2.6063028038162429e-06
2.3198959576875363e-06
7.594152934636529e-07
1.7625530119709253e-05
1.1084034358835601e-06
2.2931712003821877e-06
2.1332777780995053e-07
3.0500040823359894e-06
6.035497704107441e-07
-6.3482779419298944e-08
1.7314574936966936e-06
3.3241176869251053e-06
2.4282440874391292e-06
1.7132775451579786e-06
-0.00010989478290435177
3.3777218327071127e-06
1.689045825406091e-06
4.1259811959228403e-06
1.9426202386757567e-06
5.9587225626714165e-06
2.3512031239012605e-06
2.4862385917406714e-06
1.8441344682091184e-06
1.8214884863191082e-06
2.2742843980839324e-06
2.2955819056921868e-06
