# t  nu  ci
1 0.064274379648227173 0.0041434632389715041
2 0.062419656015084118 0.0036898183305376945
3 0.066399463730142563 0.0034310468498441825
4 0.066232281506316742 0.0032489848375318168
5 0.068927048621867867 0.0032170866433908003
6 0.071542407918433706 0.0032522697459630317
7 0.073362460468928456 0.0032711201903395906
8 0.072698734323363434 0.0032405637795751923
9 0.0763897588134686 0.0030045605553240613
10 0.078008639028629173 0.0030683258911768855
11 0.079003033058519537 0.0032030652693526883
12 0.08402046326108227 0.0036207153850019401
13 0.08388712681536388 0.0031690233602393401
14 0.085028966646283052 0.003052748376951229
15 0.086616769045843894 0.0030823772222907607
16 0.087458437988851764 0.0034257487403046554
17 0.087169484339841508 0.003374273306375259
18 0.089651310362182338 0.0032528513375247479
19 0.091235583482296628 0.0031137721876497272
20 0.093646891892263787 0.003304854528682477
21 0.096555152131510405 0.0041109674752532145
22 0.0969593958649171 0.0037377353599743679
23 0.097880763689860165 0.0039283691219791916
24 0.10170184191930111 0.0038909677583050949
25 0.10116419683092519 0.0040282922748839899
26 0.10416982754980025 0.0035330890658451385
27 0.10460500300645695 0.0039121924944240903
28 0.10666021315644755 0.0038580208028108519
29 0.11018743976693202 0.0043045368173247446
30 0.11196605807061609 0.0044193918627044252
31 0.11063411643200739 0.0038059643051908659
32 0.11344104354721975 0.004251390113831242
33 0.1152951635361233 0.0042441620034284122
34 0.11984617787715279 0.0052470611888858886
35 0.12336055347056762 0.0051943857166392542
36 0.1237144460833602 0.0054168974920076451
37 0.11794385124325479 0.0051304391746598149
38 0.12311256360684969 0.0065014056247843068
39 0.12323270403339766 0.0062661318358730664
40 0.12692398606041785 0.0062844022657510979
41 0.1326094733393752 0.0072651896913909454
42 0.12682835957755551 0.0070399413970570375
43 0.12752154199846449 0.0083992000635489047
44 0.12838532375177983 0.0093459259925146553
45 0.12168819394741906 0.0092385967657535664
46 0.12442605041935224 0.011481946936977475
47 0.13130774276664514 0.012655757980942386
48 0.1376001082123875 0.022226909442066137
49 0.14977504201896502 0.021491905265109312
50 0.13850017246370264 0.016169588819765341
