# nu_over_mean_r0  nu_over_mean_rgt0
0.89853369882086775 1.1014663011791326
0.70325318246110324 1.2967468175388968
0.4081632653061224 1.5918367346938775
0.88457807953443257 1.1154219204655675
0.69634340222575508 1.3036565977742447
1.4361702127659572 0.56382978723404253
2 0
0.81481481481481488 1.1851851851851853
0.90756302521008414 1.0924369747899159
0.82966998428496586 1.170330015715034
0.26229508196721313 1.737704918032787
0.99347049402488596 1.0065295059751138
0.90263367916999215 1.097366320830008
0.83242358078602618 1.1675764192139737
0.82243353805304009 1.1775664619469599
1.0236220472440944 0.97637795275590566
0.78873239436619713 1.2112676056338028
0.80746216121084124 1.1925378387891588
0.85106382978723416 1.1489361702127661
0.91364205256570707 1.0863579474342928
0.80085653104925048 1.1991434689507494
1.0147174770039422 0.98528252299605779
0.77083728877919122 1.229162711220809
2 0
0.83958843704066655 1.1604115629593337
0.93497757847533625 1.0650224215246635
0.85000000000000009 1.1500000000000001
0.90000000000000002 1.0999999999999999
0.97435213708800272 1.0256478629119974
0.92307692307692313 1.0769230769230769
0.950036205648081 1.0499637943519189
0.96956829440905878 1.0304317055909413
0.8476109006476843 1.1523890993523158
0.67317073170731712 1.326829268292683
0.52173913043478259 1.4782608695652173
1.3283018867924528 0.67169811320754713
1.0677966101694913 0.93220338983050843
0.99864590385917407 1.001354096140826
0.63134657836644603 1.368653421633554
0.94762304070179959 1.0523769592982004
0.92332314855230613 1.0766768514476939
0.33898305084745767 1.6610169491525424
1.0396757346636527 0.96032426533634729
0.9252060332763179 1.0747939667236823
0.8571428571428571 1.1428571428571428
0.44776119402985082 1.5522388059701493
0.88595438175270114 1.1140456182472989
0.89552238805970152 1.1044776119402986
0.95255753960256362 1.0474424603974364
0.86355140186915891 1.1364485981308412
0.70669745958429564 1.2933025404157044
0.73436030484838666 1.2656396951516133
1.5639810426540284 0.43601895734597151
1 1
0.86391534391534386 1.136084656084656
0.89302325581395348 1.1069767441860465
0.90365448504983392 1.0963455149501662
0.56603773584905659 1.4339622641509435
0.463821892393321 1.5361781076066792
0.98654708520179357 1.0134529147982063
0.90339655932951035 1.0966034406704896
0.63636363636363635 1.3636363636363635
0.88591749644381224 1.1140825035561877
0.8871457986077067 1.1128542013922935
1.163727959697733 0.83627204030226709
0.87812666311868026 1.1218733368813198
0.69661880500231588 1.3033811949976841
1.1221509971509971 0.8778490028490028
0.81127476952421329 1.1887252304757869
0.98865671641791042 1.0113432835820895
0.73684210526315796 1.263157894736842
0.85307063508698378 1.1469293649130161
0.95565899069083793 1.0443410093091623
0.89293849658314339 1.1070615034168565
0.82560706401766004 1.17439293598234
0.52654387865655472 1.4734561213434454
1.0805902383654937 0.91940976163450627
0.45283018867924529 1.5471698113207546
0.64596273291925466 1.3540372670807452
1.057377049180328 0.94262295081967218
1.1524911342363817 0.84750886576361839
0.79016984242610122 1.2098301575738986
1.2494862309905466 0.75051376900945332
0.82191780821917804 1.1780821917808217
1 1
0.30927835051546387 1.6907216494845361
0.84444444444444455 1.1555555555555554
0.83743575872328901 1.1625642412767108
0.74641786071309568 1.2535821392869044
0.77878475798146241 1.2212152420185376
0.66666666666666663 1.3333333333333333
0.65116279069767435 1.3488372093023255
0.9075975359342916 1.0924024640657084
0.87319422150882831 1.1268057784911718
0.91753459256141123 1.0824654074385891
0.78127386589277537 1.2187261341072246
0.83495184833740477 1.165048151662595
0.98476139553535635 1.0152386044646438
0.72033503955328049 1.2796649604467194
0.95359510453850072 1.0464048954614993
0.55689424364123163 1.4431057563587684
1 1
0.74626865671641796 1.2537313432835822
0.96336014298480788 1.0366398570151922
0.64974619289340096 1.350253807106599
0.48970976253298149 1.5102902374670184
0.95976718063923216 1.0402328193607679
0.65945045795170698 1.3405495420482934
0.56280378613456128 1.4371962138654388
0.85441830896376347 1.1455816910362366
0.98547717842323646 1.0145228215767634
0.63249047454104612 1.367509525458954
2 0
0.8777561121943902 1.1222438878056096
0.071428571428571425 1.9285714285714286
1.2618025751072961 0.7381974248927039
0.8741721854304636 1.1258278145695364
0.7977580569827184 1.2022419430172817
1.053763440860215 0.94623655913978488
0.69547925228688856 1.3045207477131116
0.88462956137117577 1.1153704386288241
0.91747227027577072 1.0825277297242291
0.93522626441881096 1.0647737355811888
0.75251747423291082 1.2474825257670892
1.0592008321054003 0.94079916789460005
0.90052356020942403 1.0994764397905761
0.70769230769230762 1.2923076923076922
0.9395834866436088 1.0604165133563912
1.0845070422535212 0.91549295774647887
0.90173410404624266 1.0982658959537572
2 0
0.87302779864763347 1.1269722013523666
1.1624874623871615 0.8375125376128385
2 0
0.71276277772242702 1.287237222277573
0.83143450620003778 1.1685654937999623
0.88635215678351342 1.1136478432164865
0.97397769516728627 1.0260223048327137
1.115702479338843 0.88429752066115719
0.65740511039444305 1.3425948896055568
0.93459021736405345 1.0654097826359465
0.82706020398952973 1.1729397960104702
0.81481481481481488 1.1851851851851851
0.61538461538461542 1.3846153846153846
0.70459290187891443 1.2954070981210857
0.5 1.5
1.0027150477528988 0.99728495224710112
0.2857142857142857 1.7142857142857142
1.1322869955156951 0.86771300448430488
0.75697533360291147 1.2430246663970888
0.61892036344200962 1.3810796365579905
0.981048920229176 1.0189510797708241
0.8278165806255694 1.1721834193744307
0.45238095238095244 1.5476190476190477
0.91509433962264153 1.0849056603773584
0.84141232794733689 1.1585876720526631
1.0773638968481376 0.92263610315186251
0.79225352112676062 1.2077464788732395
0.73488372093023258 1.2651162790697674
1.1486761710794298 0.85132382892057024
0.86437768240343349 1.1356223175965667
0.56565656565656564 1.4343434343434343
0.89305213574563747 1.1069478642543624
0.68692922374429222 1.3130707762557079
0.74751491053677932 1.2524850894632207
0.76190476190476186 1.2380952380952379
0.76847290640394084 1.2315270935960592
0.68669527896995708 1.313304721030043
0.86266201891164629 1.1373379810883537
0.94629503738953091 1.0537049626104691
0.98445595854922285 1.0155440414507773
0.80434782608695654 1.1956521739130437
0.99633699633699624 1.0036630036630036
0.7354342249908391 1.2645657750091608
0.69112426035502961 1.3088757396449704
1.0308924485125859 0.96910755148741423
0.82456140350877194 1.1754385964912282
0.75460176219139841 1.2453982378086015
0.82840236686390545 1.1715976331360947
0.72983354673495515 1.2701664532650447
0.94326759191624054 1.0567324080837595
0.83221476510067116 1.1677852348993289
0.9146477823332092 1.0853522176667909
0.53333333333333333 1.4666666666666666
0.7310959476396045 1.2689040523603956
1.0764119601328905 0.92358803986710969
0.83333333333333326 1.1666666666666667
1.0172786177105833 0.98272138228941686
2 0
0.92418167673987195 1.0758183232601279
0.78829787234042559 1.2117021276595745
0.70640062192277786 1.2935993780772221
0.79266055045871564 1.2073394495412844
0.79792746113989632 1.2020725388601037
0.76190476190476197 1.2380952380952381
0.99560632688927941 1.0043936731107206
0.70933109275078188 1.2906689072492181
1.2892771593631112 0.71072284063688873
0.96347721098702077 1.0365227890129791
2 0
0.84874608150470232 1.1512539184952979
2 0
0.86903053904488636 1.130969460955114
1.2727466666666667 0.72725333333333331
2 0
1.156787244427572 0.84321275557242803
1.0223710649698594 0.9776289350301407
0.91104294478527592 1.0889570552147239
0.97200674536256326 1.0279932546374368
0.91074681238615662 1.0892531876138434
0.84571820834048395 1.1542817916595161
0.8127208480565371 1.1872791519434629
0.96797153024911042 1.0320284697508899
1.1048034934497817 0.89519650655021832
0.97996357012750457 1.0200364298724955
1 1
0.94117647058823539 1.0588235294117647
0.6810707622890364 1.3189292377109636
0.40663900414937765 1.5933609958506225
0.4631578947368421 1.536842105263158
0.9264173703256936 1.0735826296743065
0.71928518242740136 1.2807148175725986
0.93394350875876819 1.066056491241232
0.73334526152561585 1.2666547384743843
1.1279736065289112 0.87202639347108868
0.55246570263255468 1.4475342973674452
1.1993366500829186 0.80066334991708121
0.46153846153846156 1.5384615384615385
1.0753911806543386 0.92460881934566153
1.0810256410256409 0.91897435897435886
1.0619017230376515 0.93809827696234838
1.1111111111111112 0.88888888888888895
0.41379310344827586 1.5862068965517242
0.94678492239467837 1.0532150776053215
0.79032258064516125 1.2096774193548385
0.66048925129725722 1.3395107487027427
0.7704918032786886 1.2295081967213115
0.94542750929368036 1.0545724907063199
0.54272195936543277 1.4572780406345673
0.49856733524355301 1.5014326647564471
0.87818696883852687 1.1218130311614731
1.0557203059154052 0.944279694084595
0.77669902912621358 1.2233009708737865
1.0224719101123596 0.97752808988764039
0.87386725446975266 1.1261327455302474
0.94497796859111949 1.0550220314088803
1.0305084745762711 0.96949152542372885
0.77899530382809157 1.2210046961719083
0.83211678832116787 1.167883211678832
0.49230769230769228 1.5076923076923079
0.99922420480993013 1.0007757951900698
0.90829694323144106 1.0917030567685591
0.9086775293671846 1.0913224706328155
0.8938547486033519 1.1061452513966481
0.73903002309468824 1.260969976905312
0.26666666666666672 1.7333333333333334
0.3571428571428571 1.6428571428571428
0.9054726368159205 1.0945273631840797
0.7942332896461336 1.2057667103538663
1.2972972972972974 0.70270270270270274
0.91034482758620694 1.0896551724137931
0.73213807867273217 1.2678619213272679
0.54986522911051205 1.4501347708894878
0.60221316249271994 1.3977868375072802
0.79425425769826241 1.2057457423017375
2 0
0.38759689922480622 1.6124031007751938
0.90932263606868002 1.0906773639313199
0.80865935346082907 1.1913406465391709
1.0092879256965943 0.99071207430340547
0.73809523809523803 1.2619047619047619
1.1961722488038278 0.80382775119617222
1.3636363636363638 0.63636363636363635
0.88330871491875917 1.1166912850812407
0.80887149380300061 1.1911285061969994
0.72727272727272729 1.2727272727272727
0.57053291536050155 1.4294670846394983
0.125 1.875
0.82679296346414077 1.1732070365358593
0.97290958132989336 1.0270904186701066
0.99852398523985253 1.0014760147601476
0.78078078078078073 1.2192192192192193
1.5180722891566265 0.48192771084337349
0.96798212956068508 1.032017870439315
0.82722236876813504 1.172777631231865
1.0199580990186348 0.98004190098136512
0.63362357669122571 1.3663764233087741
0.88341862463113074 1.1165813753688691
1.1467576791808873 0.85324232081911255
0.87128712871287139 1.1287128712871288
0 2
0.87569279493269991 1.1243072050673
0.70636550308008217 1.2936344969199181
0.95194274028629866 1.0480572597137015
1.0833333333333335 0.91666666666666674
0.95780752071383046 1.0421924792861696
0.73847862298722922 1.2615213770127707
0.5 1.5
0.62 1.3799999999999999
0.86842105263157898 1.1315789473684212
1.0721649484536082 0.92783505154639168
0.8954860688648254 1.1045139311351746
0.93617021276595735 1.0638297872340423
1 1
0.54047890535917908 1.459521094640821
2 0
0.65968586387434558 1.3403141361256545
0.70843373493975903 1.2915662650602411
0.67153284671532842 1.3284671532846715
0.59375 1.40625
0.92836284560422488 1.071637154395775
0.87434858135495075 1.1256514186450493
1.0594594594594595 0.94054054054054059
1.0382513661202186 0.96174863387978149
0.84140603376695267 1.1585939662330473
0.70689830336279602 1.2931016966372042
1.2631578947368423 0.73684210526315796
0.5298013245033113 1.4701986754966887
1.1055753262158956 0.8944246737841044
2 0
0.9823550594166367 1.0176449405833634
2 0
0.9156626506024097 1.0843373493975903
0.70582278481012661 1.2941772151898736
1.0316072629455277 0.96839273705447204
0.92307692307692302 1.0769230769230769
1.3359683794466404 0.66403162055335974
1.1688311688311688 0.83116883116883111
0.8413338219127886 1.1586661780872114
0.95104108047270686 1.0489589195272933
0.68325358851674645 1.3167464114832534
0.74386090697257579 1.2561390930274243
1.4045801526717558 0.59541984732824427
1.0797796368088146 0.9202203631911855
0.5477178423236515 1.4522821576763485
0.80620155038759689 1.193798449612403
0.89639839928857268 1.1036016007114273
0.55010660980810244 1.4498933901918978
0.91988130563798221 1.0801186943620178
0.73743016759776536 1.2625698324022345
1.0666666666666667 0.93333333333333335
1.5238095238095237 0.47619047619047616
1.0417136414881623 0.95828635851183763
0.98595682246908412 1.014043177530916
1.1214953271028036 0.87850467289719636
0.96265560165975095 1.0373443983402488
0.89921889883787387 1.1007811011621262
2 0
1.0347003154574133 0.96529968454258686
0.99337748344370869 1.0066225165562914
0.88892132535396295 1.111078674646037
0.90718771807397058 1.0928122819260293
0.56321839080459779 1.4367816091954022
1.0285714285714287 0.97142857142857153
0.68138801261829651 1.3186119873817035
0.68292682926829273 1.3170731707317074
2 0
0.52348993288590595 1.4765100671140938
0.68573667711598751 1.3142633228840124
0.5161290322580645 1.4838709677419355
0.83301195526417271 1.1669880447358272
0 2
1.072453107760206 0.92754689223979403
0.71914609739826552 1.2808539026017345
0.57197330791229739 1.4280266920877025
0.84669260700389104 1.1533073929961088
0.95499021526418781 1.0450097847358122
0.52873563218390807 1.4712643678160922
0.66606252831898505 1.3339374716810148
2 0
0.67080089721599145 1.3291991027840084
0.80808080808080807 1.1919191919191918
0.83870967741935476 1.1612903225806452
0.79849812265331666 1.2015018773466835
1 1
0.88293933352321274 1.1170606664767873
1.0242346938775508 0.97576530612244894
2 0
1.3308687615526804 0.66913123844731981
0.66009007076989068 1.3399099292301093
0.67565910484365432 1.3243408951563458
0.81459854014598543 1.1854014598540146
0.68556701030927836 1.3144329896907216
0.7743271221532092 1.2256728778467909
1.015625 0.98437499999999989
0.80900750625521267 1.1909924937447873
0.9044943820224719 1.095505617977528
0.72724224643755231 1.2727577535624477
0.86353040898495448 1.1364695910150457
0.98924731182795711 1.0107526881720432
0.84463894967177255 1.1553610503282277
0.65252854812398042 1.3474714518760198
0.81132433973019202 1.1886756602698081
1.0394265232974911 0.96057347670250892
0.60358056265984661 1.3964194373401535
0.7862407862407863 1.2137592137592139
2 0
2 0
0.76607387140902872 1.2339261285909713
0.56965944272445812 1.4303405572755419
0.93764271912875463 1.0623572808712454
0.90365980619844644 1.0963401938015536
0.88967971530249101 1.1103202846975089
0.53403141361256545 1.4659685863874348
0.56603773584905659 1.4339622641509435
1.1013215859030836 0.89867841409691629
1.1131898971000935 0.88681010289990647
0.8006509357200976 1.1993490642799025
0.96644295302013417 1.0335570469798658
0.87878787878787878 1.1212121212121211
0.89381875645778885 1.1061812435422111
0.77479579929988329 1.2252042007001165
0.76712328767123283 1.2328767123287669
1.0577024880889359 0.94229751191106403
0.79696634539421718 1.2030336546057829
0.73898381294964033 1.2610161870503598
0.81523272214386455 1.1847672778561353
0.8738695859114709 1.1261304140885293
0.87983706720977606 1.1201629327902241
1.0951871657754011 0.90481283422459891
1.0586063682510383 0.94139363174896185
0.94656488549618323 1.0534351145038168
1.0407766990291261 0.95922330097087383
0.85135135135135143 1.1486486486486487
0.51724137931034475 1.482758620689655
1.1647058823529413 0.83529411764705885
0.95791361942872921 1.042086380571271
1.0380599528460763 0.961940047153924
2 0
0.81489681438059958 1.1851031856194005
0.7319422150882825 1.2680577849117176
0 2
1.0569190600522194 0.94308093994778053
0.73684210526315796 1.2631578947368423
0.89950870924519877 1.1004912907548012
0.71757302075326668 1.2824269792467331
1.0445280031664357 0.95547199683356421
0.67796610169491534 1.3220338983050848
0.59437751004016059 1.4056224899598393
0.86942675159235672 1.1305732484076432
0.99029126213592233 1.0097087378640777
0.72680077871512017 1.2731992212848802
0.91108891108891121 1.0889110889110889
0.76171079429735233 1.2382892057026476
0.77151335311572689 1.228486646884273
1.009874174801106 0.99012582519889414
0.80450681952955139 1.1954931804704487
0.90083481983589009 1.0991651801641098
0.89878542510121451 1.1012145748987854
1.0909090909090908 0.90909090909090895
0.72706087969705802 1.2729391203029421
0.87941787941787952 1.1205821205821207
1 1
0.46153846153846151 1.5384615384615383
0.77745124231899543 1.2225487576810046
0.82185519891970493 1.1781448010802948
1.0719602977667493 0.92803970223325061
1.1539947322212467 0.84600526777875329
1.2612886859462202 0.73871131405377988
0.87804878048780488 1.121951219512195
1.0344827586206897 0.96551724137931028
0.92015914471917792 1.0798408552808221
1.0823529411764705 0.91764705882352926
1.0170316301703164 0.98296836982968372
0.84573894282632145 1.1542610571736787
0.69561904761904758 1.3043809523809524
0.80927291886195996 1.1907270811380402
0.99875930521091805 1.0012406947890817
0.76226734348561753 1.2377326565143825
0.76047683421408385 1.2395231657859163
1.1403038427167114 0.85969615728328863
0.81842818428184283 1.1815718157181572
0.88967971530249113 1.1103202846975089
0.54421768707482987 1.4557823129251701
0.92798630639442481 1.0720136936055753
0.75919117647058831 1.2408088235294119
2 0
0.60869565217391308 1.3913043478260869
1.1432246998284734 0.8567753001715267
2 0
0.33333333333333337 1.6666666666666667
2 0
0.73038773669972956 1.2696122633002707
0.918222794591114 1.0817772054088861
0.60606060606060608 1.393939393939394
0.99212598425196852 1.0078740157480315
0.9823008849557523 1.0176991150442478
0.40206185567010311 1.5979381443298968
0.74582233948988563 1.2541776605101143
0.80122950819672134 1.1987704918032787
1.0920116003163722 0.90798839968362766
0.943680709534368 1.0563192904656318
1.0685033507073716 0.93149664929262854
0.6428571428571429 1.3571428571428572
1.0977615349474645 0.90223846505253535
0.73972602739726023 1.2602739726027397
0.72855133614627288 1.2714486638537272
0.74925117672229358 1.2507488232777064
0.98841953222005419 1.0115804677799458
0.81415929203539816 1.1858407079646016
0.72983354673495526 1.270166453265045
1.2682926829268293 0.73170731707317072
1.2296983758700697 0.77030162412993042
0.98754669987546684 1.0124533001245331
1.065180102915952 0.934819897084048
0 2
0.91074989016930818 1.0892501098306917
0.75621890547263693 1.2437810945273633
