# slope
0.014078180269145948
0.079702396863583699
0.3717948717948717
0.036112586298459919
0.058684903655099117
-0.085626911314984691
-0.10638297872340426
0.057875523105689601
0.049914432401597271
0.006608798579601503
0.18641618497109824
-0.0078845170474176659
0.045178901256967267
0.051058519082708566
0.026501033776903049
0.0021678317208642366
0.053706589492430984
0.046408341915550974
0.12681159420289856
0.030587444409970011
0.044901882458680799
0.023387433574792265
0.022403944112938456
-0.033333333333333333
0.064381421618698573
0.037465268441337289
0.038913455464308279
0.0059024175402969453
0.00069911468805834319
0.027362758663577989
0.013328590469414958
0.0018786950637509796
0.034362018617786975
0.050353284480073437
0.16176470588235295
-0.0089035449299258128
-0.080808080808080884
-0.00085974902394931664
0.069959603378626514
0.016785008808926367
0.018996549360970519
0.29719137818419333
-0.023061479897794234
0.0094773188000409018
0.043761365636182332
0.23717948717948717
0.020711630377057887
-0.0096566523605150223
-0.0027563331697366194
0.062409197144842388
0.06776664702416027
0.021819881533991319
-0.16231647634584009
0
-0.0023891034169451954
0.024041246668983884
-0.0027173913043478438
0.24210526315789463
0.155
-0.024954885279711261
0.013137272978703783
0.26666666666666677
0.0055045107646739871
0.081126031785142286
-0.059071174845415068
0.015906157467162712
0.12469265893923427
-0.0049969040920299383
0.011996843497177624
-0.049277951466428493
0.097944377267230959
0.0018918297547380848
0.029565612917898575
0.022727272727272717
0.0030329289428076374
0.079508856682769719
0.01700680272108843
0.051212938005390916
0.036223681231605159
-0.02616548407904767
-0.015615788839797919
0.051110071568613469
-0.022819017716976905
0.021082505574701
0
0.19090909090909081
0.018278750952018273
0.012611842936115121
0.070280202112999568
0.027658246912517753
0.12499999999999997
0.041362104433842528
0.049613901917958642
0.025466893039049244
0.00013495294882806777
0.0044344854162359339
0.0106812566184257
0.013305110005549353
0.078547297297297314
-0.00050849662381892446
0.20166073546856464
0
0.16190476190476188
0.01049011959493748
0.0031739424527811029
0.029169584686233319
0.015418188230626234
0.041290363469277822
0.037173309449171521
0.02182637288662197
0.022685518012620823
0.047451786069322009
-0.052631578947368418
0.016134921721666896
0.57352941176470584
-0.049029622063329933
0.08196212356411052
0.086029228941624986
-0.025062656641604023
0.12436836786255684
0.017474019443513233
0.0038956799075835508
0.0062418725617685309
0.026299087182555411
0.0091167494794363538
-0.00040946171532960508
0.089666484417714576
0.019194466486226004
-0.037399821905609941
0.012286324786324791
-0.16666666666666666
0.034289659404725385
-0.018818609513852586
-0.33333333333333331
0.13875725338491293
0.018045112781954888
0.017328344297505033
-0.0038692975576577401
-0.034055727554179578
0.022883874751287774
0.0091652410732102098
0.027141430973150259
0.038461538461538484
0.095009242144177428
0.078436635421398185
0.22222222222222221
-0.023702623906705536
0.83333333333333348
-0.019211065573770503
0.016155676304661769
0.046769101871661757
0.014528648759064448
0.063626034734621001
0.090021691973969656
0.0046002007360321229
0.053175409272307052
-0.019175289456475751
0.12123602892833661
0.038095442267289802
-0.0069896317483017526
0.047502202323194895
0.13876651982378854
0.00036883086470347007
0.04165967991355056
0.064032106442982129
0.0057293948594766327
0.019545767377838957
0.089460784313725478
0.019097660305864531
0.016824126215851446
0.0045023499825041485
0.078891257995735597
0.053882352941176465
0.028918026875979417
0.031896658800149046
0.023166546242774557
0.042330159238217167
0.028086049180436605
0.14155251141552511
0.048750104974386262
-0.0022887283035527626
0.080202112999540665
0.0078573656147076492
0.31818181818181812
0.06457224019371674
-0.027577937649880091
0.037796889442591332
-0.011839708561020035
-0.042352941176470593
0.011096159847255422
0.037354587642811056
0.082741328875888018
0.063750000000000001
0.050925925925925923
0.096153846153846131
-0.012715834560299823
0.039950287552393021
-0.0022940932150112398
-0.0028986014605501833
-0.03333333333333334
0.010378133990957663
-0.056338028169014079
0.090208105147864204
-0.0023127626315142622
-0.045903144365389038
-0.0071001086768467921
-0.0070261325902557141
0.01165307141668054
-0.0064061499039077558
0.0018664031744538064
0.023107447007205517
0.083079830218525663
-0.032585476918354034
-0.0065502183406113612
-0.0046911329005951121
0
-0.02404809619238478
0.065858485898070265
0.21544715447154475
0.10072889248835795
0.012254469351219145
0.053125666737785356
0.0046842795578040074
0.022416384161045685
-0.0053554040895813036
0.011538670875741576
-0.0039782417630616048
0.051548492257538707
-0.030259365994236322
-0.00012031522589183698
-0.01735719597917617
0.029865125240847792
0.24637681159420277
0.0032146599824397462
0.021877511802585025
0.13759067665596381
0.054100182033286898
0.018465909090909092
0.017974982549878039
0.082607656772686264
0.019781994348001604
-0.004321400630667346
0.028993435448577669
0.0027136073124575978
0.04045767648860496
-0.0083827930807081636
0.0059130142360721951
0.015653089760119122
-0.0003882418191902329
0.22255729794933651
-0.0042313408190224515
0.0076058741309517333
0.0074853943524829571
0.032589515830629481
0.042994509787579842
0.21153846153846154
0.23404255319148942
-0.0066690344658772941
0.014581579390469777
-0.054232492336713033
0.041521688703317086
0.090155974995448224
0.084067987869384297
0.067677174413253563
0.089584953687336488
-0.28571428571428559
0.016945107398568023
0.041290144597931622
0.01567094330292889
0.005461960479681509
0.011594202898550728
-0.020997673610182635
-0.022387640084948462
0.04808649879072413
0.045659526493799327
0.04952076677316293
0.11970474967907575
0.26404494382022464
0.0022102245910508951
0.021226098999285202
-0.0016368473939999105
-0.0059047619047619057
-0.0078125000000000017
0.015356586664969444
0.053171578302593059
0.00032869802043294255
0.10747792494481234
0.015532452853187852
-0.011398817900365888
-0.01003010782803529
0.54838709677419351
0.037316992170939201
0.08982035928143714
0.0049876882657778248
-0.008145948239287229
0.008300865470740099
0.03184713375796179
0.16666666666666666
0.1935857166473797
0.030844834797155999
0.027653213751868463
0.067959085310341158
-0.01857118128539282
0
0.046355551861702135
-0.041666666666666664
0.1450892857142857
0.11382784678189874
0.08444644759485373
0.14641434262948211
-0.0020302870331720957
0.030786160302999275
-0.031531531531531529
0.010105003088326132
0.015348756906077348
0.10833333333333331
-0.119047619047619
0.076384022424667145
-0.010496593383437522
-0.18750000000000003
-0.019961365099806817
-0.11363636363636363
-0.00017631839000808105
0.045779408924087307
-0.040561622464898604
0.042486421243210629
-0.069839307787391863
0.016417910447761204
0.022921156609195401
-0.0081528963459663855
0.10988824923806301
0.021218037365438328
-0.125
0.0050185137177599665
0.090449539628091685
0.04055419860186979
-0.0031251471349875207
0.10892657472978011
0.00045842820250301472
0.11342005076142134
0.0061579483962042195
-0.046019900497512436
-0.035087719298245612
0.0010735790636523578
-0.055319148936170202
-0.0042553191489361746
0.04214443338669898
-0.13157894736842102
-0.0025774748822797156
0.0082646852958595807
0.047897458961097372
0.024803932605351048
0.097674418604651134
-0.015131519479345568
0.063677898343803566
0.019390581717451533
-0.23076923076923075
0.078871201157742418
0.085970079612726388
0.32352941176470595
0.053535901609694334
0.21232876712328771
0.036405678640567866
0.041605518051071329
0.12965485921889189
0.034699206588329819
-0.015276301806588748
0.13288894726472716
0.085365853658536592
-0.036496350364963494
0.062693950686212127
0.034119361710078858
0.031724676677371763
0.066104553119730194
-0.026487918265852204
0.023534042450577265
-0.017656971206681808
-0.083333333333333329
-0.011206977398480724
0.098797929279634988
0.062836983292285167
0.016311266709102483
0.1253045596937
0.031806161103566565
-0.0021648413573949667
0.077942820635681198
0.0072651790347690696
0.0063691633978938435
0.030874961534516361
0.004130335016062422
0.0014754415497044767
0.048120680937131309
0.072699966625876078
0.013905622248995605
0.026887971629556428
0.012955747286390207
-0.086687306501547989
-0.086956521739130391
0.083990338604566395
0.096145374449339155
-0.0039844666477893342
0.048020591744533679
0.00088507117835581305
0.17267552182163187
0.2421052631578948
-0.010329985652797701
0.00073979748964283511
0.067044548755646083
0.047781946590156714
0.035856063516455379
0.0382496484966472
0.049308176100628938
-0.0049853999002920047
0.0011734772213814145
0.050736497545008169
0.005031112027722673
0.027382256297918954
0.081940109397694624
0.041235070724861024
-0.028307450363672122
0.012820512820512827
0.019491703040851478
-0.0091454997239094459
0.069438491213030445
0.14287694013303764
0.0019607843137254897
0.018774929862396698
-0.00922757272060621
-0.24999999999999994
0.0039705703104074156
0.02852286799828142
0.17920000000000008
0.0014382481209984216
0.11904761904761908
0.039289558665231442
0.009402269896813498
0.0076232095168730285
0.017048222113979546
0.091482649842271307
0.04269896952422713
0.020879424778761067
0.025653436592449182
0.045708376421923477
0.010728401026132869
0.030447911424257672
0.01298418871207082
0.060388902858100738
0.0016504428320274233
0.019393875340185489
-0.020644095788604436
0.028767622751579982
0.037035800160299219
0
0.19649408887077052
0.0079219490540664069
0.016624348712527375
0.054829593946175585
-0.0093280904259462182
-0.040623265815760271
0.026894218593487174
0.03246664541687537
0.010071687911363748
0.0024691358024691371
-0.025222175201015658
0.033739158112516904
0.051612696787405606
0.02598652550529355
0.015952692016777837
0.050085861476817407
0.069521920876549723
0.0014099806245899886
0.037606245458693122
-0.0034154157530780879
0.13429092567259462
0.034923042887392938
0.0529504501570012
-0.1818181818181818
0.12722298221614231
-0.013012814192091635
-0.19230769230769235
0.40000000000000002
-0.10563380281690141
0.053973955994611592
0.017458460687018104
0.20981955518254297
-0.0040523690773067366
-0.0064539386468823404
0.0020860572813769752
0.046636929735459083
0.014641559028276886
-0.047329310258839949
-0.0019468890156798199
0.013610888710968775
0.10204081632653061
0.00089166295140435763
0.024381132939432771
0.01089205721172431
0.061461676420615445
-0.0015628666779981129
-0.0056550424128180956
-0.00060828072831478988
-0.0061904761904761898
-0.0026605626425967571
0.0016836654337369816
-0.0019516899990071317
0.010917030567685598
0.0064662324740236204
0.035860493161118348
