# slope
0.0027579970651742912
0.0022379032013101945
0.0033335437429164862
0.0013175468536572416
0.0032298444200141909
0.0041990761774957919
0.003748669792317309
0.0043263900052950355
0.00602058797693258
0.0032703193649104459
0.0014809595918922292
0.0028295150781018409
0.0019561044876450755
0.003401669427409092
0.0036019477017304995
0.0015741373661336551
0.0028321155961219852
0.0095900868155172278
0.0071844842048192827
0.0089168223540308927
0.0026581511765442082
0.005997714861899827
0.0019035599087298401
0.0028055664802427707
0.004485541133094891
0.014935019837325019
0.0055530953049640706
0.0039107286688734475
0.0025727979272914857
0.0041473991307078139
0.002118909586874761
0.0051850396985878375
0.0028155224486179245
0.0092565965241798599
0.0029782391094423911
0.0025082079769501407
0.0040878565501887296
0.0027805638066752234
0.0037229504106217519
0.0062508709100255007
0.004030927230557012
0.0022422616258372416
0.0017550407507638368
0.0036101031765813311
0.0073936612989496837
0.009086604605729711
0.0095301097563701819
0.0096150773323922575
0.0030584638176059911
0.0051816166298771617
0.0048717648637981812
0.0069401351943877976
0.0081387880298467684
0.0034484324329402617
0.018550094099501563
0.0044679036768598074
0.0029289108223548885
0.0026292803082121822
0.0040110020323014667
0.00084544370224169251
0.0028275471699036221
0.010785548529260548
0.0028679838899910697
0.0019694159375264844
0.0019489308084410643
0.0032226049690624861
0.0011712263304738976
0.0023330714615588861
0.0025841061634187769
0.0038655046912021724
0.00384617565466362
0.002004239941730053
0.0027078622712511536
0.013517366553412987
0.0068957626978497256
0.0082997235382355691
0.0054271151427656575
0.0078346795973386202
0.0016303521286756607
0.0028981181165903596
0.0093285996127046161
0.0041331399770807038
0.003551001499485589
0.0030978976341207156
0.0028370029947852571
0.0051732348476382691
0.005616336024665344
-1.9444915052434269e-05
0.0051134566232969234
0.013889483453596533
0.0030163603296132833
0.0064618476363838715
0.0016822444349683379
0.0044459559539490609
0.0024524725608171898
0.0037914475312873816
0.0025873539085830726
0.0082741928729859714
0.0014617400379065978
0.0028423196240255563
0.0067289624534673459
0.0076588000957606758
0.0029568247806095131
0.0030439292325194346
0.0036815468878057898
0.0063024367504398776
0.005104872069353456
0.0032144628185442393
0.0034898132051071548
0.0095575231568583319
0.014579743051340528
0.0040399269024859932
0.0059685637804510056
0.0053858836427314281
0.0026219123752953496
0.0050825407150196259
0.0040979024988641562
0.0033554945838262778
0.0074941219934968623
0.0048584534892129466
0.00021139145951418537
0.00072746085448469056
0.0026962890070336971
0.0062446902220140085
0.0025945185074602514
0.0040536962364707881
0.00038785570106958177
0.0017205254204532873
0.0085041513846792378
0.002402492338865738
0.00012385490016715613
0.0092325662090238497
0.0026595393961651309
0.0033150447506492932
0.0022402984122411925
0.0015219312574092892
0.036596082193833999
0.004715131939678722
0.0016732248668868894
0.0026356916069618847
0.0028268759504158562
0.0050479886885194825
0.0028435368714165498
0.0028383908560918629
0.0040499154964925106
0.0035619918430414973
0.0034241881077676766
0.0055140619893924592
0.00259628354207019
0.0043880048991531174
0.00046604836732682943
0.0075580601365129322
0.0025665892418543787
0.003764112252629734
-0.00035344267970224466
0.0041631394252580967
0.0030027514580245303
0.006518653111313305
0.0043948986780200979
0.0023039658723567262
0.0043349585085981183
0.0018147243106448447
0.0036798331923767269
0.027238855410734265
0.012607203696163541
0.0077391321649751413
0.0026737370584841128
-0.00019844280973781121
0.003440987223692129
0.006722285433779192
0.0043173483702600929
0.0026743022641492874
0.0033518205130740842
0.0038414742182167803
0.0020109011293119824
0.003592751672523081
0.0025245531594001304
0.0018923736000523417
0.0043598481794179739
0.0044334717787661458
0.0053434913894464947
0.0036594817671083343
0.0026178660044196673
0.0028247452242602883
0.003603960634517683
0.00070483496857792424
0.0024680353420792451
0.0045635146439266094
0.001339650519905669
0.0036971617887068355
0.0063968150221275048
0.0019631007138542532
0.0018508366455194756
0.0088880093686548051
0.0048541331513613133
0.0096930833893354405
0.0010459339623830183
0.0014131223554547053
0.020259588223099891
-0.0028713075192974683
0.003912785709364818
0.0026027088461709103
0.0041295873105324857
0.0059772463727730757
0.0024321724711940935
0.0051349165581973241
0.0042399971815841398
0.0020969829009260879
0.0019516027246299762
0.006936229515084367
0.0035680532374297142
0.0035077730021672057
0.0044777273759830667
0.0042885786619386457
0.004949639133844619
0.0041143615442119866
0.0032239896857336457
0.0027356131790433986
0.0024020632606816163
0.0032612888174711639
0.015933176003116903
0.0035919688754477539
0.0082576417407297775
0.00052873908580368043
0.0038615428884241484
0.0048754684346083181
0.0017730147645252808
0.0019926652226023279
0.001800323828548112
0.0037656654752365229
0.0025308676936930665
0.0034132733922788852
0.0043045900489347491
0.008431424592960101
0.0034523899376912455
0.0050861175836276508
0.0020577228173425314
0.0020879745059769047
0.0034051708085873584
0.0041365777223072234
0.0031790532108979244
0.0035366843366760659
0.00062323377558186203
0.0037795317272567349
0.0012031332054736803
0.0047442796677905925
0.0016978957752604386
0.0030185863684578972
0.00074383052392196496
0.0056781652760649415
0.0032736930149998441
0.0033274569780547222
0.0017262634761413399
0.018298002711753667
0.003385277647419378
0.0013502500539088532
0.0025424087996172929
0.020077468715833987
0.0054552570595931263
0.0021486684118136048
0.0043688179427999628
0.0048199819329673762
0.0045371036900813157
0.015008492845166935
0.0015254641624469129
0.00691865646680144
0.008145492668695669
0.00572173236791511
0.0015719420312076543
0.0033708518507538318
0.0062075106931014619
-0.00028777446474720863
0.0042866840966455065
0.0025719336469031827
0.0033816979883340499
0.0040738188824743513
0.003472625674288196
0.005051232186046817
0.0018679337669705884
0.0021810304374783166
0.0025250280693632533
0.0011195805337696138
0.0031103039639775944
0.0015442104103287491
0.0020825838117499731
0.0041614921801121181
-0.00018444249366683462
0.0070167689518182185
0.0015649198241598026
0.0029628470820534545
0.0024161773033507007
0.0036931129569489803
0.0021280136323274905
0.0031914207457001895
0.0060722581611754953
0.0030742574206659777
0.002483856145889978
0.0033724417424668301
0.0066292163604477613
0.0017656560526864004
0.0038150394338917802
0.0022771561370283624
0.011539184975089571
0.0075541228239009144
0.0028592081946087083
0.00062848253041373971
0.0037917358855753102
0.0029176983576709461
0.0023101290694514543
0.0029289130720483929
0.0014355618098814875
0.0032766970319094498
0.0029273680187219945
0.0027986122861120236
0.0012155755538387704
-0.0022734508499579814
0.012488760759473307
0.0068956524284280287
0.0019517254849183417
0.0031294489655205107
0.0021548712963991236
0.0024854302161870815
0.0025085022745512087
0.0049483620996706229
0.0047149889250654832
0.0026591310875026006
0.0017289569752942642
0.0019470767881776205
0.001817143033147119
0.0067224917543658126
0.0046494835825062197
0.0032461887985213013
0.0053477961227622935
0.004949355929774025
0.0047477405721328613
0.0033667706205766906
0.0040901244845505322
0.0032303906537710669
0.0030188413263990406
0.0030050224959748701
0.0029003738613622458
0.0094834240244623478
0.0089689229368424255
0.0020268832411125524
0.0032545799890534273
0.001087047054392203
0.0011859764867963294
0.0018031293619794006
0.0018131845938409072
0.0083686763450713606
0.0043394867287953201
0.0067454294801807509
0.0042020125548786905
0.004961123340838417
0.010453081572176504
0.002602107935928643
0.0077692162729021226
0.0022693999968475087
0.0054219493419854024
0.0082720645258374231
0.0032107507788861705
0.025997495040317353
0.0072837725770148959
0.0055339496509140057
0.0055995579039451546
0.0046736349410952567
0.015146386189356004
0.0027437227606265679
0.0038475970911754139
0.0072523593986742983
0.0012483649160712428
0.0075316689066547721
0.0045841139647209228
0.0064010459090695967
0.0042021419159541237
0.0019486114598890772
0.0025992644341306824
0.0025889107474802798
0.0027176423797082602
0.0029311430038905448
0.002888902934118396
0.0035079841371406808
0.0041788260365612923
0.0054184253011206511
0.0018857433885221973
0.0020295969482793117
0.0024268298050763096
0.0029318125966572893
0.0027205426036369142
0.0027070034799993106
0.012504126366909309
0.0013385649598648297
0.0012865922926794428
0.0044781130851401542
0.0036037545737939128
0.0019555627739184576
0.0025957019310856888
0.0079733224018994527
0.0029502098614242805
0.002864629141506521
0.0047352366262527184
0.0042762873307958509
0.0016994565139923565
-0.00024292026835817196
0.0052150613215535347
0.0024267371380436598
0.0024331990968121803
0.0026560355370239068
0.0046410103799975084
0.0058753635566275147
0.0030977307681608808
0.0055557517073725931
0.0033042493602551421
0.003355639130576822
-0.00041436411035994841
0.002835926198080008
0.0086118742197238366
0.0045480689006050122
0.010821694776183577
0.0049030911180776536
0.0031899672104997909
0.003657421217141482
0.0076868240723130888
0.0025808565918794472
0.004146982049370875
0.0038736441717146398
0.002761583984618364
0.0046842567826067957
0.010827121559201291
0.0068295729798246623
0.0021560441482758571
0.010959922002440736
0.003311031183869649
0.0025134278334379271
0.0040284913937025215
0.0017528095830897678
0.0035849430632728988
0.0020906751356641671
0.0027536272913507025
0.0018716134055918418
0.0025872578921481357
0.0032214142396663399
0.0028532936469559504
0.0043391564159742622
0.0060511789025694948
0.0029060532336362618
0.0018703004476012305
0.0051796172090910345
0.04373509110276419
0.004091871518764759
0.0040864663365290021
0.001412406799097138
0.0059126927694685373
0.0012229526857519271
0.01369686122809906
0.0036247904259386083
0.0061603133036530755
0.0018500371137364698
0.002230319602506524
0.025294597919405085
0.0026780229485075125
0.0036454681171440213
0.0011421313457051579
0.002789788902610378
0.0050888647708102214
0.0033867067352802431
0.0021679043047023228
-0.00018888174692579924
0.014099078857521099
0.0037528118180142934
0.0047009341946292636
0.0019359394219996935
0.0034225432848888071
0.0082483195915824623
0.0027827457987252566
0.0025712069942579658
0.0036992705146187701
0.0041690534462153371
0.0053451516889632756
0.014212602878481717
0.0034846565829553711
0.0059572530152948227
0.0034853339500161814
-0.00065090791444174037
0.0028954663719615663
0.0041235641136881541
0.0039952460332993798
0.0038260416049347473
0.0013752535606135015
0.0052265228531718395
0.0016117089396647517
0.0082865541402547642
0.0015643986079335759
0.0020984341116816398
0.0026988671155110783
0.0052644406923652663
0.0033593256783070887
0.0030891488534821889
0.004233585269495411
0.0026405927112430829
0.0023439821299600727
0.0026220507830868483
0.0047080240349836582
0.0047106921789836342
0.003905048469260861
0.0016386877559062705
0.0073724722109510081
0.00314230399964961
0.0050333576194503387
0.0032360674803349862
0.0040191198053233027
0.0021693782571111627
0.0093327297760195244
0.0039787909267857604
0.0049637214142070367
0.0018495019602548313
0.0033716801042165214
0.0036673491606027935
0.0026901385475364631
0.003515470486532881
0.0055131874400205973
0.0065373334885729974
0.0046630076525323713
0.0038423226673960907
0.0038160035551847433
0.015774325834012618
0.0015622961910067364
0.0021919487587878403
0.0018354404289435329
0.011762174801398592
0.0042004424108337303
0.0038838991791852518
0.0015552769160220234
0.0010603363956685171
0.0098446564547157531
0.0018872838333058753
0.0023014972953533585
0.0017117760490888455
0.0065650330955426871
0.0018833911999303142
0.0012470686047359614
0.0038568862915103409
0.0015781293950598025
-0.00090754599115053225
0.0038012244314439467
0.0015061806362801711
0.00064835301087169824
0.0050969030306893294
0.001570236025099279
0.0013176961552894102
0.0037455991059992685
0.0045754102408320455
0.0041039837579203171
0.0019752996974206267
0.0073723206067950291
0.0029358925208991123
0.0028616449056926342
0.0065609431094868827
0.0096584120999579706
0.013400822870511021
0.00087318048616024648
0.0055816435293850721
0.0022655540247724661
0.0021422374826265437
0.002147154685288932
0.0035519356530646115
0.0026126615224130703
0.0026131862757941067
0.0032228804535492893
0.013282815057707132
0.0014643627303932024
0.019111418649848989
0.0037044918644552273
0.0023780397141060822
0.0096832403959739334
0.0013726933229342082
0.0078910827136626383
0.017188842045531331
0.00024595799569918889
0.0038819897081798973
0.0098034158081760255
0.00095057444137256809
0.0051183405327044568
0.0026694631417945587
0.0083887593200529624
0.0084259831237477236
0.0023500544900637447
0.002229799627908089
0.0086438196771098583
0.0086111243796072826
0.0012748669425249033
0.0031498403658737247
0.0024004299964220785
0.0041248795598054448
0.0014473358349572506
0.0016327735651633091
0.0011989647434859723
0.0043215811144113022
0.0017425539594868086
0.0012630481647125185
0.00083177809932111614
0.0016015316896146603
0.0017980434212067744
0.006240978028920559
0.0049404368441310137
0.0026025063324493828
0.0036670427276042044
0.0049923898953952561
0.0022451628121891304
0.0041993863365662786
0.0027695266746432154
0.0053332701077963224
-0.00035009696364421671
0.0032334575444742217
0.0028567636729940117
0.0030582399526617801
0.00077411576148298997
0.0082069414053461531
0.0041463581062971449
0.0040762703619909068
0.005444125401450027
0.0016299248740503983
0.0063609421271574717
0.0039916174842775584
0.0024651851955753376
0.0017065588254552573
0.0064776574073544795
0.0029287187775548082
0.00041845446953296754
0.0033538476638764144
0.0017229049408896519
0.0054681104381606362
0.0058213745248058332
0.004918711383479977
0.0047324824949164851
0.0043146411591859822
0.013437178424345489
0.0029605246717066959
0.0030256316286748292
0.0036328983305295992
0.0047878800371632235
0.0030267495128576084
0.0023188666017983799
0.0045573350140298884
0.002380679809317133
0.0025653858563922621
0.0050159682617819347
0.016863494883265526
0.0048896914947614773
0.0010889212271889702
0.00076656094961505749
0.0027469797328311214
0.00090658268936939855
0.0039110134183462895
0.0082330668235495452
0.0039298905601468431
0.0065180881033613056
0.0031077353104282087
0.0022672220836976115
0.0022073079869611074
0.0072217355763903694
0.0017428572200433976
0.0078377164159377719
0.017933753166187883
0.002248996076764557
0.0036195540441460545
0.0020613193185584351
0.0027287846598675648
-0.0055051686390105367
0.0052573586459313667
0.0042681938670719576
0.0062180354027249344
0.0067773002750528329
0.0026729698436176405
0.0018026840874411194
0.001314912097942529
0.0037032816837230457
0.0096001647275960663
0.0020467011912116391
0.0017423280451144866
0.0032593192502357324
0.006336458810207563
0.0046877603452655818
0.0012700610700291087
0.0039848938852424572
0.0028713074969562409
0.0033761899345926129
0.0011577959208027787
0.012185758143186369
0.0025519059666433636
0.0024704549106451725
0.0020627913811231166
0.0055075867572284875
0.0023857929347886821
0.0018994499521236324
0.001255887162310354
0.00387036772077859
0.0054729668472906943
0.0019868616948870415
0.0010100494465559084
0.0028250706734152561
0.00068145061628746713
0.0033302565063167743
0.0035340281035227288
0.0022920735045396101
0.0029212066770735699
0.0029738293360156028
0.002263406261196661
0.0033917025533574553
0.0029330813588540438
0.0024587839606543308
0.0091664239835776949
0.0021207583378118704
0.0016223974124716621
0.0017915003630515694
0.0058494098740906825
0.0017660401578451783
0.0010374977655702527
0.0028126881069402325
0.0050242231844202425
0.0021200193246524559
0.0037398159830542418
0.0019481472991182017
0.0051569878518186035
0.0032001542639010843
0.002484164497483273
0.0032097169945043626
0.0021136800131258977
0.0025744848124268521
0.015002520620354051
0.0021086923861921977
0.0038961274088203761
0.01855028653784559
0.002108446235637901
0.0021119755745522321
0.0035020265549175968
6.2955303414161659e-06
0.010250529394813773
0.0019105429242107074
0.0027074291568489153
0.0012707439519064662
0.0082742150911094894
0.0034726994919196297
0.0036614988148215362
0.0032736445625982363
0.0024145241088740789
0.0024038703257860607
-9.2632543007726501e-05
0.00021751754031072219
0.0051706592904462905
0.0016912307663628718
0.0018667384963070523
0.0024064813071103391
0.0037040942597544274
0.0013213752855697253
0.0021565527157131489
0.017173865511202622
0.0026764871506913257
0.0038280368491951538
0.0023752431699605959
0.0021564420792058634
0.002719693070473094
0.0049614546174699594
0.0038464231499394149
0.0054345197809177763
0.0009348535028638257
0.0046752553668610716
-0.00033302911164412091
0.0039430694194993038
0.0045080825743958764
0.0033658103296424859
0.0037677403638804066
0.0028488572922806539
0.0030595816406845397
0.0045175945487939675
0.0039572388903172358
0.0071075648310444982
0.0024830516043636577
0.0048041613893740984
0.002066399592715585
0.0015746834218519398
0.0042288390395551403
0.0063887180585988409
0.0028138823247049302
0.0055640912749072716
0.0015489005592803015
0.0014319405925357325
0.0023425356856673417
0.0017266380139379124
0.0045845191454790095
0.0028733923511836588
0.0092413740027169414
0.00061067679338232706
0.0024225775251914884
0.0036344333545957975
0.0025819688837659129
0.006542677266620763
0.0025553460058798426
0.00073581417083735923
0.0097700550281449808
0.0049633281947451318
0.0014460062503102394
0.0071138299429808769
0.0050961213778917928
0.0025016809100796337
0.0021664629132145041
0.0096366103865037477
0.0023182368206265884
0.0011978548895449624
0.00523581299548954
0.0017734635311895562
0.0023887365159474664
0.0024888565855470893
0.0079452399048969106
0.0026269218984247642
-0.00086877268369496823
0.0013599243293815988
0.0032455962989576298
0.0037467599353037803
0.028657297853575393
0.0021616716358883949
0.00095099816375307478
0.0063747796163277793
0.0036909508350258563
0.00542029234219976
0.0020743921235681752
0.004020527454608209
0.0027913706800491355
0.005035923624769934
0.0033960679528717806
0.0074440237736185339
0.0010544603676406641
0.0057979204950924157
0.002048394186191405
0.0021228036340663532
0.002428885490922959
0.0038824388564450726
0.003271325285313713
0.0033409752878230357
0.0012658493746853638
0.0025175065169807816
0.00599675886415044
0.0015721927733413198
0.0017841088657232528
0.0029818590061461382
0.0094078776470339961
0.004957633641406424
0.014024615672610019
0.0027393224842082856
0.0024073984838706556
0.0044288085129267248
0.0025608322639969114
0.0068319421405489038
0.0072828243787442567
0.0016954394597004678
0.0041654574793553011
0.0021502722722941481
0.0018389498736847102
0.0051816437344539808
0.0037834432998828382
0.0024016308499397996
0.0035952259986148931
0.0022753152789305605
0.0032775989799485915
0.010787757215972178
0.0020195768845887893
0.0034986900918723366
0.0070234610522030803
0.0020032510069003494
0.0061067285425422824
0.0027567424373841679
0.0059478755775719564
0.0039588338343072502
0.023659614905863113
0.0072423076061533887
9.3474762834842813e-06
0.0030550185257095007
0.0012416191188690359
0.0063432463781785652
-5.4111603269911094e-05
0.00081242262990948312
0.011732276400856806
0.0048401556159306794
0.010040222429673886
0.0015648656294431143
0.0071667799326185101
0.0029449919811308962
0.010712555899827716
0.012681082153015284
0.00094673134921970472
0.0065328965455886349
0.0024201600138473349
0.0065097373903762077
0.0032893021731867852
0.0046154804862140117
0.0018844300027467166
0.0045555735166354925
0.0035323480368762879
0.0027017584688347695
0.007340600028861468
0.00900123973018826
0.0019683697334450562
0.002994979843759839
0.0055387537208448625
0.0037244839665740268
0.00052258672329806772
0.0022459377078880654
0.0043787995272880405
0.0023327020055958886
0.00099796634410117516
0.0051973231174659911
0.00048106132076340582
0.0023108386186135553
0.002774563109953102
0.0016570261235524673
0.0058100533556879807
0.0036673206931483152
0.0021213606061421092
0.010989382845310361
0.0027526829159576402
0.015460824253165922
0.001214818160010336
0.0066600407523586978
0.002046783004518069
0.0021475264974154598
0.0065059309811102278
0.0058334733520513885
0.00361084109451672
0.0061089449343368239
0.0010984218319042296
0.0039856364945669047
0.0019058859494676999
0.0018404499117776075
0.010446287393867014
0.0036406660159162356
0.0026714052206574801
0.0038266311933976369
0.0060742016379708077
0.005538113770387632
0.0031311226499004525
0.0025523934070485403
0.011075985028343829
0.0046911767525772237
0.0025598191221725243
0.0035971507004069489
0.0013790769304580751
0.0030479517911490717
0.0048567341627226857
0.00067374427199190317
0.0048761030330383504
0.0013573164231094161
0.0029223985908941458
0.011123805438840074
0.0017757581728693238
0.0036140588502831194
0.0045555099992677052
0.0039264807982805098
0.0021694593556208343
0.002085061136784114
0.0028523705841550736
0.0040303069621028757
0.0039025997648719306
0.0023427984551962658
0.00034820825296963826
0.0016652918689339239
0.0028503967316859048
0.0053644683349749495
0.0040866758825993908
0.0049877636597633881
0.00050290710610414536
0.0027128611997908011
0.0016226730293155403
0.0022869055800220088
0.0018323449187602125
0.0036846758769533859
0.0022551393766187481
0.014588964452069286
0.0036787090548086642
0.0022417897941739155
0.0035920272400265822
0.0069804971460818649
0.011252033552523742
0.0020561687818169017
0.0070112237956971267
0.0032792468312192657
0.0083914280099345612
0.0019450744050223635
0.0026586710170997687
0.01894184693906836
0.0046352905692540044
0.012744537650845473
0.0028224679937137961
0.0033672891630435477
0.010100393611919438
0.0057098811840310395
0.003787651258195612
0.018443970126281153
0.011972288559635627
0.0025915972480578791
0.0031816720525201106
0.0098867090619823746
0.0031997310074250319
0.003769506625144403
0.0021935784248560161
0.0025230036351403039
0.0018503445968865975
0.0024623638888086091
0.011410007389219096
0.0029816294223527205
0.003706119442601922
0.0029281608167339743
0.0058637765929326693
0.0011471961315158209
0.0027037747090461429
0.0018148812396872591
0.006306608719548263
0.0028390854000818993
0.0021471384306514098
0.0020675020961409244
0.0062614545731807369
0.0046534223600447665
0.0052310132787037307
0.0057963845610841027
0.010984893769934931
0.0045965563211415325
0.0084233721230549483
0.00072195904319898127
0.001556236571567726
0.0035598068089815714
0.0011781714220124747
0.0011300695520399492
0.0061125103093251174
0.00015223089895838267
0.0029130168264420459
0.0020695432361512822
0.0011841800532166125
0.0016397817314559987
0.0037417036817197747
0.006122564777685871
0.0015942122260006191
0.0028064136539736129
0.010405327207327102
0.0038703779699183366
0.0029432565151638205
0.0022068006921003324
0.00082621335533563593
0.0016829948200458313
0.004135297895776587
0.00088099036845836528
0.00012953854167714897
0.0025238412726781845
0.0011246811523465594
0.0022780116445073385
0.0027249858458909394
0.0030803057112158486
0.013978767534144305
0.0012977934932019671
0.0082370870562471707
0.0045930814184225637
0.0014079546672970706
0.0060163342049100949
0.0022994041938084239
0.0028080804499497126
0.0003749526963759754
0.0029942627709446295
0.0027270102721752552
0.0014832192215264934
0.00085382590172394552
0.0085853485243469283
0.0015251730242446943
0.0023677731595149604
0.002116738602947141
0.014011215529110674
0.00067104732951155284
0.0029942696533151185
0.010813849923476605
0.0030643799877485473
0.002999448685488534
0.0024539338380958689
0.0014074155277160254
0.001671470768703596
0.0020479875829071043
0.0035564998561115747
0.004461403619870105
0.015246314552224721
0.0043839166555777465
0.0012999455111137794
0.0017712143422014216
0.00092042619438528035
0.010449141531610031
0.0021406519840733752
-0.0023229933151544331
0.0035364853623057837
0.0024477326122063791
0.0039820812273259083
0.0037968277963574141
0.001229551723529694
0.0042544466568997363
0.0014376476227793741
0.0017636432035457901
0.0038093816273421185
0.0025465913688464876
0.0060024924646608149
0.0049353885018677693
0.0043569658702366102
0.00083796200998802585
0.010512044166197001
0.0010774753770748866
0.0039419154876214699
0.003420346723586612
0.0042642362441794269
0.021104421091617746
0.0032860425125911825
0.0063926189627701467
0.0026948017769973715
0.0064386185713715353
0.005798434832702498
0.0056206452931452317
0.00095994714095096515
0.0020252461112583824
0.001358051205037865
0.003719263330318454
0.0027471841394044352
0.0030817050690206734
0.0018006028553037145
0.0010392323378449625
0.00025250002885573384
0.0032240215890248659
0.0072405091269776211
0.0053130013806866839
0.0020153433892149981
0.005740628413030204
0.0057355743440864419
0.0012818084570317735
0.0034753220611160414
0.0028128584726194727
0.0086395450569404734
-0.0005033950407340482
0.00096655887902942039
0.0026170250631608266
0.0047600870903449482
0.0024651891085733985
0.0013649110133026644
0.0060841750650689622
0.00040979416247521411
0.0040286818606345611
0.0018488579995652693
0.0036327135916975522
0.0028813548210667264
0.0031299481208987229
0.011192009480299921
0.0025806641428370108
0.015267393510098544
0.0026462696494209798
0.0019274172323395168
0.003756029076651617
0.0017742623649003926
0.0056413046571035059
0.0040290194888587842
0.002940699670249037
0.0024109839133779612
0.009313286154446777
0.003420646610363922
0.0028705439066162653
0.0017346403809999308
6.6459895869323626e-05
0.0032662005763500457
0.010965558723227728
0.0036812196435864783
0.016281484763166904
0.0015575216024919186
0.0019983063446142261
0.0018625285167605257
0.0053116227566112444
0.0043256730206101286
0.0023665687493745146
0.0010997211203868334
0.01443441876000748
0.0020459649746819163
0.0029769357561849731
0.0027474136582989698
0.0021136307333674519
0.005381574231619694
0.0049622746105659902
-0.00038574819004138838
0.008953551711590917
0.0099996177712669033
0.0077654255988617946
0.0024071551643577581
0.0056677085148791623
0.0096841304180236478
0.0021637333559166852
0.0012341566320023913
0.0016466640719455311
0.0042530424993027357
0.0013602851179953105
0.0034277241438099397
-7.3710135284097114e-05
0.00090580529676427405
-0.0015860209701738176
0.005366922183293185
0.0039363357921619888
0.0034678731014958337
0.0046311465000865894
0.011568683348600266
0.0014671521826731706
0.0032829642869761626
-0.016156929917466978
0.0050648630144304214
0.0013610807236443807
0.0018303179941751718
0.0040298898797800188
-0.00022393177710843651
0.0031774242826061528
0.0015057767257319441
0.0010939346605343028
0.072271474303192598
0.0035643950444807755
0.014618371028413311
